h	 	t	 	X(t)	 	Y(t)	 	R
3.141593e-01	0.000000e+00	1.000000e+00	0.000000e+00	1.000000e+00
3.141593e-01	3.141593e-01	1.000000e+00	-3.141593e-01	1.048187e+00
3.141593e-01	6.283185e-01	9.013040e-01	-6.283185e-01	1.098696e+00
3.141593e-01	9.424778e-01	7.039119e-01	-9.114715e-01	1.151639e+00
3.141593e-01	1.256637e+00	4.175646e-01	-1.132612e+00	1.207133e+00
3.141593e-01	1.570796e+00	6.174411e-02	-1.263794e+00	1.265301e+00
3.141593e-01	1.884956e+00	-3.352884e-01	-1.283191e+00	1.326272e+00
3.141593e-01	2.199115e+00	-7.384148e-01	-1.177857e+00	1.390181e+00
3.141593e-01	2.513274e+00	-1.108450e+00	-9.458774e-01	1.457170e+00
3.141593e-01	2.827433e+00	-1.405606e+00	-5.976477e-01	1.527387e+00
3.141593e-01	3.141593e+00	-1.593362e+00	-1.560636e-01	1.600987e+00
3.141593e-01	3.455752e+00	-1.642391e+00	3.445059e-01	1.678134e+00
3.141593e-01	3.769911e+00	-1.534161e+00	8.604783e-01	1.758998e+00
3.141593e-01	4.084070e+00	-1.263834e+00	1.342449e+00	1.843759e+00
3.141593e-01	4.398230e+00	-8.420913e-01	1.739495e+00	1.932604e+00
3.141593e-01	4.712389e+00	-2.956130e-01	2.004045e+00	2.025731e+00
3.141593e-01	5.026548e+00	3.339764e-01	2.096915e+00	2.123345e+00
3.141593e-01	5.340708e+00	9.927417e-01	1.991993e+00	2.225662e+00
3.141593e-01	5.654867e+00	1.618545e+00	1.680114e+00	2.332910e+00
3.141593e-01	5.969026e+00	2.146368e+00	1.171633e+00	2.445326e+00
3.141593e-01	6.283185e+00	2.514448e+00	4.973318e-01	2.563159e+00
3.141593e-01	6.597345e+00	2.670689e+00	-2.926052e-01	2.686670e+00
3.141593e-01	6.911504e+00	2.578764e+00	-1.131627e+00	2.816133e+00
3.141593e-01	7.225663e+00	2.223253e+00	-1.941770e+00	2.951834e+00
3.141593e-01	7.539822e+00	1.613228e+00	-2.640225e+00	3.094074e+00
3.141593e-01	7.853982e+00	7.837772e-01	-3.147036e+00	3.243168e+00
3.141593e-01	8.168141e+00	-2.048933e-01	-3.393267e+00	3.399447e+00
3.141593e-01	8.482300e+00	-1.270920e+00	-3.328898e+00	3.563256e+00
3.141593e-01	8.796459e+00	-2.316724e+00	-2.929626e+00	3.734959e+00
3.141593e-01	9.110619e+00	-3.237093e+00	-2.201806e+00	3.914936e+00
3.141593e-01	9.424778e+00	-3.928811e+00	-1.184844e+00	4.103585e+00
3.141593e-01	9.738937e+00	-4.301040e+00	4.942869e-02	4.301324e+00
3.141593e-01	1.005310e+01	-4.285512e+00	1.400640e+00	4.508592e+00
3.141593e-01	1.036726e+01	-3.845488e+00	2.746974e+00	4.725848e+00
3.141593e-01	1.068142e+01	-2.982500e+00	3.955069e+00	4.953573e+00
3.141593e-01	1.099557e+01	-1.739979e+00	4.892049e+00	5.192271e+00
3.141593e-01	1.130973e+01	-2.030962e-01	5.438680e+00	5.442471e+00
3.141593e-01	1.162389e+01	1.505515e+00	5.502484e+00	5.704727e+00
3.141593e-01	1.193805e+01	3.234172e+00	5.029513e+00	5.979621e+00
3.141593e-01	1.225221e+01	4.814240e+00	4.013468e+00	6.267761e+00
3.141593e-01	1.256637e+01	6.075108e+00	2.501030e+00	6.569786e+00
3.141593e-01	1.288053e+01	6.860830e+00	5.924782e-01	6.886364e+00
3.141593e-01	1.319469e+01	7.046962e+00	-1.562915e+00	7.218198e+00
3.141593e-01	1.350885e+01	6.555958e+00	-3.776783e+00	7.566021e+00
3.141593e-01	1.382301e+01	5.369446e+00	-5.836398e+00	7.930605e+00
3.141593e-01	1.413717e+01	3.535888e+00	-7.523260e+00	8.312758e+00
3.141593e-01	1.445133e+01	1.172386e+00	-8.634092e+00	8.713325e+00
3.141593e-01	1.476549e+01	-1.540094e+00	-9.002408e+00	9.133194e+00
3.141593e-01	1.507964e+01	-4.368284e+00	-8.518573e+00	9.573295e+00
3.141593e-01	1.539380e+01	-7.044472e+00	-7.146236e+00	1.003460e+01
3.141593e-01	1.570796e+01	-9.289528e+00	-4.933150e+00	1.051814e+01
3.141593e-01	1.602212e+01	-1.083932e+01	-2.014758e+00	1.102498e+01
3.141593e-01	1.633628e+01	-1.147228e+01	1.390515e+00	1.155624e+01
3.141593e-01	1.665044e+01	-1.103543e+01	4.994638e+00	1.211310e+01
3.141593e-01	1.696460e+01	-9.466323e+00	8.461522e+00	1.269680e+01
3.141593e-01	1.727876e+01	-6.808058e+00	1.143546e+01	1.330862e+01
3.141593e-01	1.759292e+01	-3.215503e+00	1.357427e+01	1.394992e+01
3.141593e-01	1.790708e+01	1.048979e+00	1.458445e+01	1.462212e+01
3.141593e-01	1.822124e+01	5.630819e+00	1.425490e+01	1.532672e+01
3.141593e-01	1.853540e+01	1.010913e+01	1.248593e+01	1.606527e+01
3.141593e-01	1.884956e+01	1.403170e+01	9.310053e+00	1.683941e+01
3.141593e-01	1.916372e+01	1.695654e+01	4.901864e+00	1.765085e+01
3.141593e-01	1.947787e+01	1.849650e+01	-4.251896e-01	1.850139e+01
3.141593e-01	1.979203e+01	1.836293e+01	-6.236038e+00	1.939292e+01
3.141593e-01	2.010619e+01	1.640382e+01	-1.200492e+01	2.032741e+01
3.141593e-01	2.042035e+01	1.263236e+01	-1.715833e+01	2.130692e+01
3.141593e-01	2.073451e+01	7.241912e+00	-2.112691e+01	2.233364e+01
3.141593e-01	2.104867e+01	6.046982e-01	-2.340202e+01	2.340983e+01
3.141593e-01	2.136283e+01	-6.747263e+00	-2.359199e+01	2.453788e+01
3.141593e-01	2.167699e+01	-1.415891e+01	-2.147228e+01	2.572029e+01
3.141593e-01	2.199115e+01	-2.090462e+01	-1.702412e+01	2.695967e+01
3.141593e-01	2.230531e+01	-2.625291e+01	-1.045674e+01	2.825878e+01
3.141593e-01	2.261947e+01	-2.953799e+01	-2.209151e+00	2.962049e+01
3.141593e-01	2.293363e+01	-3.023202e+01	7.070483e+00	3.104781e+01
3.141593e-01	2.324779e+01	-2.801076e+01	1.656815e+01	3.254391e+01
3.141593e-01	2.356194e+01	-2.280572e+01	2.536799e+01	3.411211e+01
3.141593e-01	2.387610e+01	-1.483613e+01	3.253262e+01	3.575587e+01
3.141593e-01	2.419026e+01	-4.615708e+00	3.719353e+01	3.747884e+01
3.141593e-01	2.450442e+01	7.068983e+00	3.864359e+01	3.928483e+01
3.141593e-01	2.481858e+01	1.920923e+01	3.642281e+01	4.117785e+01
3.141593e-01	2.513274e+01	3.065179e+01	3.038805e+01	4.316209e+01
3.141593e-01	2.544690e+01	4.019848e+01	2.075851e+01	4.524194e+01
3.141593e-01	2.576106e+01	4.671995e+01	8.129783e+00	4.742201e+01
3.141593e-01	2.607522e+01	4.927400e+01	-6.547723e+00	4.970714e+01
3.141593e-01	2.638938e+01	4.721697e+01	-2.202761e+01	5.210238e+01
3.141593e-01	2.670354e+01	4.029680e+01	-3.686126e+01	5.461304e+01
3.141593e-01	2.701770e+01	2.871649e+01	-4.952087e+01	5.724468e+01
3.141593e-01	2.733186e+01	1.315905e+01	-5.854242e+01	6.000313e+01
3.141593e-01	2.764602e+01	-5.232592e+00	-6.267646e+01	6.289450e+01
3.141593e-01	2.796017e+01	-2.492298e+01	-6.103259e+01	6.592520e+01
3.141593e-01	2.827433e+01	-4.409694e+01	-5.320280e+01	6.910194e+01
3.141593e-01	2.858849e+01	-6.081109e+01	-3.934934e+01	7.243176e+01
3.141593e-01	2.890265e+01	-7.317305e+01	-2.024498e+01	7.592203e+01
3.141593e-01	2.921681e+01	-7.953320e+01	2.743015e+00	7.958048e+01
3.141593e-01	2.953097e+01	-7.867145e+01	2.772911e+01	8.341523e+01
3.141593e-01	2.984513e+01	-6.996010e+01	5.244447e+01	8.743476e+01
3.141593e-01	3.015929e+01	-5.348418e+01	7.442308e+01	9.164798e+01
3.141593e-01	3.047345e+01	-3.010348e+01	9.122564e+01	9.606423e+01
3.141593e-01	3.078761e+01	-1.444100e+00	1.006829e+02	1.006933e+02
3.141593e-01	3.110177e+01	3.018637e+01	1.011366e+02	1.055454e+02
3.141593e-01	3.141593e+01	6.195937e+01	9.165327e+01	1.106313e+02
3.141593e-01	3.173009e+01	9.075310e+01	7.218816e+01	1.159623e+02
3.141593e-01	3.204425e+01	1.134317e+02	4.367723e+01	1.215502e+02
3.141593e-01	3.235840e+01	1.271533e+02	8.041622e+00	1.274073e+02
3.141593e-01	3.267256e+01	1.296796e+02	-3.190476e+01	1.335467e+02
3.141593e-01	3.298672e+01	1.196565e+02	-7.264482e+01	1.399819e+02
3.141593e-01	3.330088e+01	9.683441e+01	-1.102360e+02	1.467272e+02
3.141593e-01	3.361504e+01	6.220275e+01	-1.406574e+02	1.537976e+02
3.141593e-01	3.392920e+01	1.801392e+01	-1.601990e+02	1.612086e+02
3.141593e-01	3.424336e+01	-3.231408e+01	-1.658582e+02	1.689768e+02
3.141593e-01	3.455752e+01	-8.441999e+01	-1.557065e+02	1.771193e+02
3.141593e-01	3.487168e+01	-1.333366e+02	-1.291852e+02	1.856541e+02
3.141593e-01	3.518584e+01	-1.739213e+02	-8.729622e+01	1.946003e+02
3.141593e-01	3.550000e+01	-2.013462e+02	-3.265722e+01	2.039775e+02
3.141593e-01	3.581416e+01	-2.116058e+02	3.059757e+01	2.138065e+02
3.141593e-01	3.612832e+01	-2.019933e+02	9.707550e+01	2.241092e+02
3.141593e-01	3.644247e+01	-1.714961e+02	1.605336e+02	2.349084e+02
3.141593e-01	3.675663e+01	-1.210630e+02	2.144107e+02	2.462279e+02
3.141593e-01	3.707079e+01	-5.370393e+01	2.524437e+02	2.580929e+02
3.141593e-01	3.738495e+01	2.560360e+01	2.693153e+02	2.705296e+02
3.141593e-01	3.769911e+01	1.102115e+02	2.612717e+02	2.835657e+02
3.141593e-01	3.801327e+01	1.922924e+02	2.266478e+02	2.972299e+02
3.141593e-01	3.832743e+01	2.634959e+02	1.662373e+02	3.115525e+02
3.141593e-01	3.864159e+01	3.157209e+02	8.345761e+01	3.265653e+02
3.141593e-01	3.895575e+01	3.419399e+02	-1.572904e+01	3.423015e+02
3.141593e-01	3.926991e+01	3.369985e+02	-1.231526e+02	3.587960e+02
3.141593e-01	3.958407e+01	2.983089e+02	-2.290238e+02	3.760853e+02
3.141593e-01	3.989823e+01	2.263590e+02	-3.227403e+02	3.942077e+02
3.141593e-01	4.021239e+01	1.249671e+02	-3.938531e+02	4.132034e+02
3.141593e-01	4.052655e+01	1.234509e+00	-4.331127e+02	4.331144e+02
3.141593e-01	4.084070e+01	-1.348319e+02	-4.335005e+02	4.539849e+02
3.141593e-01	4.115486e+01	-2.710201e+02	-3.911418e+02	4.758611e+02
3.141593e-01	4.146902e+01	-3.939009e+02	-3.059984e+02	4.987915e+02
3.141593e-01	4.178318e+01	-4.900331e+02	-1.822508e+02	5.228267e+02
3.141593e-01	4.209734e+01	-5.472889e+02	-2.830232e+01	5.480202e+02
3.141593e-01	4.241150e+01	-5.561803e+02	1.436336e+02	5.744277e+02
3.141593e-01	4.272566e+01	-5.110565e+02	3.183628e+02	6.021076e+02
3.141593e-01	4.303982e+01	-4.110399e+02	4.789159e+02	6.311214e+02
3.141593e-01	4.335398e+01	-2.605840e+02	6.080479e+02	6.615333e+02
3.141593e-01	4.366814e+01	-6.956016e+01	6.899128e+02	6.934106e+02
3.141593e-01	4.398230e+01	1.471823e+02	7.117657e+02	7.268240e+02
3.141593e-01	4.429646e+01	3.707901e+02	6.655271e+02	7.618475e+02
3.141593e-01	4.461062e+01	5.798716e+02	5.490399e+02	7.985586e+02
3.141593e-01	4.492477e+01	7.523576e+02	3.668679e+02	8.370388e+02
3.141593e-01	4.523893e+01	8.676125e+02	1.305077e+02	8.773732e+02
3.141593e-01	4.555309e+01	9.086127e+02	-1.420608e+02	9.196512e+02
3.141593e-01	4.586725e+01	8.639830e+02	-4.275099e+02	9.639665e+02
3.141593e-01	4.618141e+01	7.296768e+02	-6.989382e+02	1.010417e+03
3.141593e-01	4.649557e+01	5.100989e+02	-9.281729e+02	1.059106e+03
3.141593e-01	4.680973e+01	2.185048e+02	-1.088425e+03	1.110141e+03
3.141593e-01	4.712389e+01	-1.234340e+02	-1.157071e+03	1.163636e+03
3.141593e-01	4.743805e+01	-4.869385e+02	-1.118293e+03	1.219708e+03
3.141593e-01	4.775221e+01	-8.382604e+02	-9.653164e+02	1.278482e+03
3.141593e-01	4.806637e+01	-1.141524e+03	-7.019691e+02	1.340088e+03
3.141593e-01	4.838053e+01	-1.362054e+03	-3.433489e+02	1.404663e+03
3.141593e-01	4.869469e+01	-1.469920e+03	8.455288e+01	1.472350e+03
3.141593e-01	4.900885e+01	-1.443357e+03	5.463418e+02	1.543298e+03
3.141593e-01	4.932300e+01	-1.271718e+03	9.997857e+02	1.617665e+03
3.141593e-01	4.963716e+01	-9.576265e+02	1.399308e+03	1.695615e+03
3.141593e-01	4.995132e+01	-5.180210e+02	1.700155e+03	1.777322e+03
3.141593e-01	5.026548e+01	1.609852e+01	1.862896e+03	1.862966e+03
3.141593e-01	5.057964e+01	6.013446e+02	1.857839e+03	1.952736e+03
3.141593e-01	5.089380e+01	1.185002e+03	1.668921e+03	2.046833e+03
3.141593e-01	5.120796e+01	1.709309e+03	1.296641e+03	2.145464e+03
3.141593e-01	5.152212e+01	2.116661e+03	7.596462e+02	2.248847e+03
3.141593e-01	5.183628e+01	2.355311e+03	9.467765e+01	2.357213e+03
3.141593e-01	5.215044e+01	2.385054e+03	-6.452650e+02	2.470800e+03
3.141593e-01	5.246460e+01	2.182338e+03	-1.394552e+03	2.589860e+03
3.141593e-01	5.277876e+01	1.744227e+03	-2.080154e+03	2.714658e+03
3.141593e-01	5.309292e+01	1.090727e+03	-2.628119e+03	2.845469e+03
3.141593e-01	5.340708e+01	2.650796e+02	-2.970781e+03	2.982584e+03
3.141593e-01	5.372123e+01	-6.682188e+02	-3.054058e+03	3.126306e+03
3.141593e-01	5.403539e+01	-1.627679e+03	-2.844131e+03	3.276953e+03
3.141593e-01	5.434955e+01	-2.521190e+03	-2.332780e+03	3.434860e+03
3.141593e-01	5.466371e+01	-3.254054e+03	-1.540725e+03	3.600375e+03
3.141593e-01	5.497787e+01	-3.738087e+03	-5.184341e+02	3.773867e+03
3.141593e-01	5.529203e+01	-3.900958e+03	6.559207e+02	3.955718e+03
3.141593e-01	5.560619e+01	-3.694895e+03	1.881443e+03	4.146333e+03
3.141593e-01	5.592035e+01	-3.103822e+03	3.042228e+03	4.346132e+03
3.141593e-01	5.623451e+01	-2.148078e+03	4.017323e+03	4.555559e+03
3.141593e-01	5.654867e+01	-8.859986e+02	4.692161e+03	4.775078e+03
3.141593e-01	5.686283e+01	5.880873e+02	4.970506e+03	5.005175e+03
3.141593e-01	5.717699e+01	2.149618e+03	4.785753e+03	5.246359e+03
3.141593e-01	5.749115e+01	3.653106e+03	4.110430e+03	5.499166e+03
3.141593e-01	5.780530e+01	4.944436e+03	2.962773e+03	5.764154e+03
3.141593e-01	5.811946e+01	5.875219e+03	1.409433e+03	6.041912e+03
3.141593e-01	5.843362e+01	6.318005e+03	-4.363216e+02	6.333053e+03
3.141593e-01	5.874778e+01	6.180931e+03	-2.421181e+03	6.638224e+03
3.141593e-01	5.906194e+01	5.420294e+03	-4.362978e+03	6.958101e+03
3.141593e-01	5.937610e+01	4.049624e+03	-6.065814e+03	7.293391e+03
3.141593e-01	5.969026e+01	2.143993e+03	-7.338041e+03	7.644838e+03
3.141593e-01	6.000442e+01	-1.613209e+02	-8.011596e+03	8.013220e+03
3.141593e-01	6.031858e+01	-2.678238e+03	-7.960915e+03	8.399353e+03
3.141593e-01	6.063274e+01	-5.179233e+03	-7.119522e+03	8.804093e+03
3.141593e-01	6.094690e+01	-7.415897e+03	-5.492418e+03	9.228336e+03
3.141593e-01	6.126106e+01	-9.141391e+03	-3.162645e+03	9.673022e+03
3.141593e-01	6.157522e+01	-1.013497e+04	-2.907925e+02	1.013914e+04
3.141593e-01	6.188938e+01	-1.022632e+04	2.893201e+03	1.062771e+04
3.141593e-01	6.220353e+01	-9.317395e+03	6.105894e+03	1.113983e+04
3.141593e-01	6.251769e+01	-7.399171e+03	9.033040e+03	1.167662e+04
3.141593e-01	6.283185e+01	-4.561358e+03	1.135756e+04	1.223929e+04
