h	 	t	 	X(t)	 	Y(t)	 	R
3.141593e-01	0.000000e+00	1.000000e+00	0.000000e+00	1.000000e+00
3.141593e-01	3.141593e-01	9.510578e-01	-3.089916e-01	9.999934e-01
3.141593e-01	6.283185e-01	8.090353e-01	-5.877377e-01	9.999868e-01
3.141593e-01	9.424778e-01	5.878333e-01	-8.089576e-01	9.999802e-01
3.141593e-01	1.256637e+00	3.091025e-01	-9.510010e-01	9.999736e-01
3.141593e-01	1.570796e+00	1.230391e-04	-9.999670e-01	9.999670e-01
3.141593e-01	1.884956e+00	-3.088643e-01	-9.510645e-01	9.999604e-01
3.141593e-01	2.199115e+00	-5.876188e-01	-8.090809e-01	9.999538e-01
3.141593e-01	2.513274e+00	-8.088586e-01	-5.879135e-01	9.999472e-01
3.141593e-01	2.827433e+00	-9.509316e-01	-3.092093e-01	9.999407e-01
3.141593e-01	3.141593e+00	-9.999340e-01	-2.460702e-04	9.999341e-01
3.141593e-01	3.455752e+00	-9.510711e-01	3.087371e-01	9.999275e-01
3.141593e-01	3.769911e+00	-8.091265e-01	5.874998e-01	9.999209e-01
3.141593e-01	4.084070e+00	-5.879936e-01	8.087596e-01	9.999143e-01
3.141593e-01	4.398230e+00	-3.093161e-01	9.508622e-01	9.999077e-01
3.141593e-01	4.712389e+00	-3.690931e-04	9.999010e-01	9.999011e-01
3.141593e-01	5.026548e+00	3.086099e-01	9.510778e-01	9.998945e-01
3.141593e-01	5.340708e+00	5.873809e-01	8.091721e-01	9.998879e-01
3.141593e-01	5.654867e+00	8.086606e-01	5.880737e-01	9.998813e-01
3.141593e-01	5.969026e+00	9.507928e-01	3.094229e-01	9.998747e-01
3.141593e-01	6.283185e+00	9.998680e-01	4.921079e-04	9.998681e-01
3.141593e-01	6.597345e+00	9.510844e-01	-3.084827e-01	9.998615e-01
3.141593e-01	6.911504e+00	8.092177e-01	-5.872620e-01	9.998549e-01
3.141593e-01	7.225663e+00	5.881539e-01	-8.085615e-01	9.998483e-01
3.141593e-01	7.539822e+00	3.095297e-01	-9.507234e-01	9.998418e-01
3.141593e-01	7.853982e+00	6.151146e-04	-9.998350e-01	9.998352e-01
3.141593e-01	8.168141e+00	-3.083556e-01	-9.510910e-01	9.998286e-01
3.141593e-01	8.482300e+00	-5.871430e-01	-8.092633e-01	9.998220e-01
3.141593e-01	8.796459e+00	-8.084625e-01	-5.882339e-01	9.998154e-01
3.141593e-01	9.110619e+00	-9.506539e-01	-3.096364e-01	9.998088e-01
3.141593e-01	9.424778e+00	-9.998019e-01	-7.381131e-04	9.998022e-01
3.141593e-01	9.738937e+00	-9.510975e-01	3.082284e-01	9.997956e-01
3.141593e-01	1.005310e+01	-8.093088e-01	5.870241e-01	9.997890e-01
3.141593e-01	1.036726e+01	-5.883140e-01	8.083635e-01	9.997824e-01
3.141593e-01	1.068142e+01	-3.097432e-01	9.505845e-01	9.997758e-01
3.141593e-01	1.099557e+01	-8.611036e-04	9.997689e-01	9.997692e-01
3.141593e-01	1.130973e+01	3.081012e-01	9.511041e-01	9.997626e-01
3.141593e-01	1.162389e+01	5.869052e-01	8.093544e-01	9.997561e-01
3.141593e-01	1.193805e+01	8.082644e-01	5.883941e-01	9.997495e-01
3.141593e-01	1.225221e+01	9.505150e-01	3.098499e-01	9.997429e-01
3.141593e-01	1.256637e+01	9.997358e-01	9.840859e-04	9.997363e-01
3.141593e-01	1.288053e+01	9.511106e-01	-3.079740e-01	9.997297e-01
3.141593e-01	1.319469e+01	8.093999e-01	-5.867862e-01	9.997231e-01
3.141593e-01	1.350885e+01	5.884741e-01	-8.081654e-01	9.997165e-01
3.141593e-01	1.382301e+01	3.099567e-01	-9.504456e-01	9.997099e-01
3.141593e-01	1.413717e+01	1.107060e-03	-9.997027e-01	9.997033e-01
3.141593e-01	1.445133e+01	-3.078468e-01	-9.511172e-01	9.996967e-01
3.141593e-01	1.476549e+01	-5.866673e-01	-8.094454e-01	9.996901e-01
3.141593e-01	1.507964e+01	-8.080663e-01	-5.885542e-01	9.996835e-01
3.141593e-01	1.539380e+01	-9.503761e-01	-3.100634e-01	9.996769e-01
3.141593e-01	1.570796e+01	-9.996696e-01	-1.230026e-03	9.996704e-01
3.141593e-01	1.602212e+01	-9.511237e-01	3.077196e-01	9.996638e-01
3.141593e-01	1.633628e+01	-8.094909e-01	5.865484e-01	9.996572e-01
3.141593e-01	1.665044e+01	-5.886342e-01	8.079673e-01	9.996506e-01
3.141593e-01	1.696460e+01	-3.101701e-01	9.503066e-01	9.996440e-01
3.141593e-01	1.727876e+01	-1.352984e-03	9.996365e-01	9.996374e-01
3.141593e-01	1.759292e+01	3.075925e-01	9.511302e-01	9.996308e-01
3.141593e-01	1.790708e+01	5.864294e-01	8.095364e-01	9.996242e-01
3.141593e-01	1.822124e+01	8.078682e-01	5.887142e-01	9.996176e-01
3.141593e-01	1.853540e+01	9.502371e-01	3.102768e-01	9.996110e-01
3.141593e-01	1.884956e+01	9.996033e-01	1.475934e-03	9.996044e-01
3.141593e-01	1.916372e+01	9.511367e-01	-3.074653e-01	9.995978e-01
3.141593e-01	1.947787e+01	8.095818e-01	-5.863105e-01	9.995913e-01
3.141593e-01	1.979203e+01	5.887942e-01	-8.077691e-01	9.995847e-01
3.141593e-01	2.010619e+01	3.103835e-01	-9.501676e-01	9.995781e-01
3.141593e-01	2.042035e+01	1.598876e-03	-9.995702e-01	9.995715e-01
3.141593e-01	2.073451e+01	-3.073381e-01	-9.511431e-01	9.995649e-01
3.141593e-01	2.104867e+01	-5.861915e-01	-8.096273e-01	9.995583e-01
3.141593e-01	2.136283e+01	-8.076700e-01	-5.888741e-01	9.995517e-01
3.141593e-01	2.167699e+01	-9.500981e-01	-3.104901e-01	9.995451e-01
3.141593e-01	2.199115e+01	-9.995370e-01	-1.721809e-03	9.995385e-01
3.141593e-01	2.230531e+01	-9.511496e-01	3.072110e-01	9.995319e-01
3.141593e-01	2.261947e+01	-8.096727e-01	5.860726e-01	9.995253e-01
3.141593e-01	2.293363e+01	-5.889541e-01	8.075709e-01	9.995188e-01
3.141593e-01	2.324779e+01	-3.105968e-01	9.500285e-01	9.995122e-01
3.141593e-01	2.356194e+01	-1.844734e-03	9.995039e-01	9.995056e-01
3.141593e-01	2.387610e+01	3.070838e-01	9.511560e-01	9.994990e-01
3.141593e-01	2.419026e+01	5.859536e-01	8.097181e-01	9.994924e-01
3.141593e-01	2.450442e+01	8.074719e-01	5.890340e-01	9.994858e-01
3.141593e-01	2.481858e+01	9.499590e-01	3.107034e-01	9.994792e-01
3.141593e-01	2.513274e+01	9.994707e-01	1.967652e-03	9.994726e-01
3.141593e-01	2.544690e+01	9.511624e-01	-3.069566e-01	9.994660e-01
3.141593e-01	2.576106e+01	8.097635e-01	-5.858347e-01	9.994594e-01
3.141593e-01	2.607522e+01	5.891139e-01	-8.073727e-01	9.994528e-01
3.141593e-01	2.638938e+01	3.108101e-01	-9.498894e-01	9.994463e-01
3.141593e-01	2.670354e+01	2.090561e-03	-9.994375e-01	9.994397e-01
3.141593e-01	2.701770e+01	-3.068295e-01	-9.511688e-01	9.994331e-01
3.141593e-01	2.733186e+01	-5.857157e-01	-8.098089e-01	9.994265e-01
3.141593e-01	2.764602e+01	-8.072736e-01	-5.891939e-01	9.994199e-01
3.141593e-01	2.796017e+01	-9.498199e-01	-3.109167e-01	9.994133e-01
3.141593e-01	2.827433e+01	-9.994043e-01	-2.213462e-03	9.994067e-01
3.141593e-01	2.858849e+01	-9.511752e-01	3.067023e-01	9.994001e-01
3.141593e-01	2.890265e+01	-8.098542e-01	5.855968e-01	9.993935e-01
3.141593e-01	2.921681e+01	-5.892738e-01	8.071745e-01	9.993869e-01
3.141593e-01	2.953097e+01	-3.110233e-01	9.497503e-01	9.993804e-01
3.141593e-01	2.984513e+01	-2.336355e-03	9.993710e-01	9.993738e-01
3.141593e-01	3.015929e+01	3.065752e-01	9.511816e-01	9.993672e-01
3.141593e-01	3.047345e+01	5.854778e-01	8.098996e-01	9.993606e-01
3.141593e-01	3.078761e+01	8.070754e-01	5.893536e-01	9.993540e-01
3.141593e-01	3.110177e+01	9.496807e-01	3.111299e-01	9.993474e-01
3.141593e-01	3.141593e+01	9.993378e-01	2.459239e-03	9.993408e-01
3.141593e-01	3.173009e+01	9.511879e-01	-3.064481e-01	9.993342e-01
3.141593e-01	3.204425e+01	8.099449e-01	-5.853589e-01	9.993276e-01
3.141593e-01	3.235840e+01	5.894335e-01	-8.069763e-01	9.993210e-01
3.141593e-01	3.267256e+01	3.112365e-01	-9.496111e-01	9.993145e-01
3.141593e-01	3.298672e+01	2.582116e-03	-9.993045e-01	9.993079e-01
3.141593e-01	3.330088e+01	-3.063209e-01	-9.511943e-01	9.993013e-01
3.141593e-01	3.361504e+01	-5.852399e-01	-8.099902e-01	9.992947e-01
3.141593e-01	3.392920e+01	-8.068771e-01	-5.895134e-01	9.992881e-01
3.141593e-01	3.424336e+01	-9.495415e-01	-3.113431e-01	9.992815e-01
3.141593e-01	3.455752e+01	-9.992713e-01	-2.704984e-03	9.992749e-01
3.141593e-01	3.487168e+01	-9.512006e-01	3.061938e-01	9.992683e-01
3.141593e-01	3.518584e+01	-8.100355e-01	5.851209e-01	9.992617e-01
3.141593e-01	3.550000e+01	-5.895932e-01	8.067780e-01	9.992552e-01
3.141593e-01	3.581416e+01	-3.114496e-01	9.494719e-01	9.992486e-01
3.141593e-01	3.612832e+01	-2.827845e-03	9.992380e-01	9.992420e-01
3.141593e-01	3.644247e+01	3.060667e-01	9.512069e-01	9.992354e-01
3.141593e-01	3.675663e+01	5.850020e-01	8.100808e-01	9.992288e-01
3.141593e-01	3.707079e+01	8.066788e-01	5.896730e-01	9.992222e-01
3.141593e-01	3.738495e+01	9.494022e-01	3.115562e-01	9.992156e-01
3.141593e-01	3.769911e+01	9.992047e-01	2.950697e-03	9.992090e-01
3.141593e-01	3.801327e+01	9.512132e-01	-3.059395e-01	9.992024e-01
3.141593e-01	3.832743e+01	8.101260e-01	-5.848830e-01	9.991959e-01
3.141593e-01	3.864159e+01	5.897528e-01	-8.065797e-01	9.991893e-01
3.141593e-01	3.895575e+01	3.116627e-01	-9.493326e-01	9.991827e-01
3.141593e-01	3.926991e+01	3.073541e-03	-9.991714e-01	9.991761e-01
3.141593e-01	3.958407e+01	-3.058124e-01	-9.512195e-01	9.991695e-01
3.141593e-01	3.989823e+01	-5.847641e-01	-8.101713e-01	9.991629e-01
3.141593e-01	4.021239e+01	-8.064805e-01	-5.898326e-01	9.991563e-01
3.141593e-01	4.052655e+01	-9.492629e-01	-3.117693e-01	9.991497e-01
3.141593e-01	4.084070e+01	-9.991380e-01	-3.196377e-03	9.991431e-01
3.141593e-01	4.115486e+01	-9.512257e-01	3.056853e-01	9.991366e-01
3.141593e-01	4.146902e+01	-8.102165e-01	5.846451e-01	9.991300e-01
3.141593e-01	4.178318e+01	-5.899124e-01	8.063814e-01	9.991234e-01
3.141593e-01	4.209734e+01	-3.118758e-01	9.491933e-01	9.991168e-01
3.141593e-01	4.241150e+01	-3.319204e-03	9.991047e-01	9.991102e-01
3.141593e-01	4.272566e+01	3.055582e-01	9.512320e-01	9.991036e-01
3.141593e-01	4.303982e+01	5.845261e-01	8.102617e-01	9.990970e-01
3.141593e-01	4.335398e+01	8.062822e-01	5.899922e-01	9.990904e-01
3.141593e-01	4.366814e+01	9.491236e-01	3.119823e-01	9.990839e-01
3.141593e-01	4.398230e+01	9.990713e-01	3.442024e-03	9.990773e-01
3.141593e-01	4.429646e+01	9.512382e-01	-3.054310e-01	9.990707e-01
3.141593e-01	4.461062e+01	8.103069e-01	-5.844072e-01	9.990641e-01
3.141593e-01	4.492477e+01	5.900719e-01	-8.061830e-01	9.990575e-01
3.141593e-01	4.523893e+01	3.120888e-01	-9.490539e-01	9.990509e-01
3.141593e-01	4.555309e+01	3.564835e-03	-9.990380e-01	9.990443e-01
3.141593e-01	4.586725e+01	-3.053039e-01	-9.512444e-01	9.990377e-01
3.141593e-01	4.618141e+01	-5.842882e-01	-8.103521e-01	9.990312e-01
3.141593e-01	4.649557e+01	-8.060838e-01	-5.901516e-01	9.990246e-01
3.141593e-01	4.680973e+01	-9.489842e-01	-3.121953e-01	9.990180e-01
3.141593e-01	4.712389e+01	-9.990046e-01	-3.687638e-03	9.990114e-01
3.141593e-01	4.743805e+01	-9.512506e-01	3.051768e-01	9.990048e-01
3.141593e-01	4.775221e+01	-8.103973e-01	5.841692e-01	9.989982e-01
3.141593e-01	4.806637e+01	-5.902314e-01	8.059846e-01	9.989916e-01
3.141593e-01	4.838053e+01	-3.123017e-01	9.489145e-01	9.989850e-01
3.141593e-01	4.869469e+01	-3.810434e-03	9.989712e-01	9.989785e-01
3.141593e-01	4.900885e+01	3.050497e-01	9.512568e-01	9.989719e-01
3.141593e-01	4.932300e+01	5.840502e-01	8.104424e-01	9.989653e-01
3.141593e-01	4.963716e+01	8.058854e-01	5.903111e-01	9.989587e-01
3.141593e-01	4.995132e+01	9.488448e-01	3.124082e-01	9.989521e-01
3.141593e-01	5.026548e+01	9.989378e-01	3.933220e-03	9.989455e-01
3.141593e-01	5.057964e+01	9.512629e-01	-3.049226e-01	9.989389e-01
3.141593e-01	5.089380e+01	8.104876e-01	-5.839313e-01	9.989323e-01
3.141593e-01	5.120796e+01	5.903907e-01	-8.057862e-01	9.989258e-01
3.141593e-01	5.152212e+01	3.125146e-01	-9.487751e-01	9.989192e-01
3.141593e-01	5.183628e+01	4.055999e-03	-9.989043e-01	9.989126e-01
3.141593e-01	5.215044e+01	-3.047955e-01	-9.512691e-01	9.989060e-01
3.141593e-01	5.246460e+01	-5.838123e-01	-8.105327e-01	9.988994e-01
3.141593e-01	5.277876e+01	-8.056870e-01	-5.904704e-01	9.988928e-01
3.141593e-01	5.309292e+01	-9.487053e-01	-3.126210e-01	9.988862e-01
3.141593e-01	5.340708e+01	-9.988709e-01	-4.178770e-03	9.988796e-01
3.141593e-01	5.372123e+01	-9.512752e-01	3.046684e-01	9.988731e-01
3.141593e-01	5.403539e+01	-8.105778e-01	5.836933e-01	9.988665e-01
3.141593e-01	5.434955e+01	-5.905501e-01	8.055878e-01	9.988599e-01
3.141593e-01	5.466371e+01	-3.127275e-01	9.486356e-01	9.988533e-01
3.141593e-01	5.497787e+01	-4.301532e-03	9.988375e-01	9.988467e-01
3.141593e-01	5.529203e+01	3.045413e-01	9.512813e-01	9.988401e-01
3.141593e-01	5.560619e+01	5.835743e-01	8.106229e-01	9.988335e-01
3.141593e-01	5.592035e+01	8.054886e-01	5.906297e-01	9.988270e-01
3.141593e-01	5.623451e+01	9.485658e-01	3.128339e-01	9.988204e-01
3.141593e-01	5.654867e+01	9.988040e-01	4.424286e-03	9.988138e-01
3.141593e-01	5.686283e+01	9.512874e-01	-3.044142e-01	9.988072e-01
3.141593e-01	5.717699e+01	8.106680e-01	-5.834553e-01	9.988006e-01
3.141593e-01	5.749115e+01	5.907094e-01	-8.053893e-01	9.987940e-01
3.141593e-01	5.780530e+01	3.129403e-01	-9.484960e-01	9.987874e-01
3.141593e-01	5.811946e+01	4.547033e-03	-9.987705e-01	9.987809e-01
3.141593e-01	5.843362e+01	-3.042872e-01	-9.512935e-01	9.987743e-01
3.141593e-01	5.874778e+01	-5.833364e-01	-8.107130e-01	9.987677e-01
3.141593e-01	5.906194e+01	-8.052901e-01	-5.907890e-01	9.987611e-01
3.141593e-01	5.937610e+01	-9.484263e-01	-3.130466e-01	9.987545e-01
3.141593e-01	5.969026e+01	-9.987370e-01	-4.669770e-03	9.987479e-01
3.141593e-01	6.000442e+01	-9.512996e-01	3.041601e-01	9.987413e-01
3.141593e-01	6.031858e+01	-8.107580e-01	5.832174e-01	9.987348e-01
3.141593e-01	6.063274e+01	-5.908686e-01	8.051908e-01	9.987282e-01
3.141593e-01	6.094690e+01	-3.131530e-01	9.483565e-01	9.987216e-01
3.141593e-01	6.126106e+01	-4.792500e-03	9.987035e-01	9.987150e-01
3.141593e-01	6.157522e+01	3.040330e-01	9.513056e-01	9.987084e-01
3.141593e-01	6.188938e+01	5.830984e-01	8.108031e-01	9.987018e-01
3.141593e-01	6.220353e+01	8.050916e-01	5.909482e-01	9.986952e-01
3.141593e-01	6.251769e+01	9.482867e-01	3.132594e-01	9.986887e-01
3.141593e-01	6.283185e+01	9.986700e-01	4.915222e-03	9.986821e-01
