2 0.228254 
4 0.110248 
8 0.0539294 
16 0.0266391 
32 0.0132348 
64 0.00659584 
128 0.00329248 
256 0.00164487 
512 0.000822092 
1024 0.00041096 


2 0.183789 
4 0.0990266 
8 0.0511176 
16 0.0259357 
32 0.013059 
64 0.00655187 
128 0.00328148 
256 0.00164212 
512 0.000821405 
1024 0.000410789 


2 0.0222329 
4 0.00561059 
8 0.00140594 
16 0.000351691 
32 8.79355e-05 
64 2.19847e-05 
128 5.49622e-06 
256 1.37406e-06 
512 3.43515e-07 
1024 8.58788e-08 


2 0.00109261 
4 6.98303e-05 
8 4.38882e-06 
16 2.74684e-07 
32 1.71738e-08 
64 1.07345e-09 
128 6.70991e-11 
256 4.18643e-12 
512 2.52465e-13 
1024 5.35127e-14 
