0.000000e+00	-1.000000e+01
2.000000e-01	-6.000000e+00
4.000000e-01	-2.000000e+00
6.000000e-01	2.000000e+00
8.000000e-01	6.000000e+00
1.000000e+00	1.000000e+01
1.200000e+00	1.400000e+01
1.400000e+00	1.800000e+01
1.600000e+00	2.200000e+01
1.800000e+00	2.600000e+01
2.000000e+00	3.000000e+01
2.200000e+00	3.400000e+01
2.400000e+00	3.800000e+01
2.600000e+00	4.200000e+01
2.800000e+00	4.600000e+01
3.000000e+00	5.000000e+01
3.200000e+00	5.400000e+01
3.400000e+00	5.800000e+01
3.600000e+00	6.200000e+01
3.800000e+00	6.600000e+01
4.000000e+00	7.000000e+01
4.200000e+00	7.400000e+01
4.400000e+00	7.800000e+01
4.600000e+00	8.200000e+01
4.800000e+00	8.600000e+01
5.000000e+00	9.000000e+01
