0	1.33729
0.01	1.33361
0.02	1.32971
0.03	1.32555
0.04	1.32113
0.05	1.31642
0.06	1.31141
0.07	1.30606
0.08	1.30035
0.09	1.29425
0.1	1.28773
0.11	1.28076
0.12	1.27329
0.13	1.26529
0.14	1.25672
0.15	1.24752
0.16	1.23764
0.17	1.22702
0.18	1.21561
0.19	1.20334
0.2	1.19013
0.21	1.17591
0.22	1.16059
0.23	1.14409
0.24	1.12631
0.25	1.10715
0.26	1.08651
0.27	1.06427
0.28	1.04032
0.29	1.01456
0.3	0.986862
0.31	0.957116
0.32	0.925218
0.33	0.891068
0.34	0.854583
0.35	0.815694
0.36	0.774357
0.37	0.730556
0.38	0.684306
0.39	0.635662
0.4	0.58472
0.41	0.531621
0.42	0.476551
0.43	0.419743
0.44	0.361472
0.45	0.302047
0.46	0.24181
0.47	0.18112
0.48	0.120345
0.49	0.059854
0.5	9.97616e-10
0.51	-0.0588842
0.52	-0.116497
0.53	-0.172573
0.54	-0.226889
0.55	-0.279263
0.56	-0.329555
0.57	-0.377667
0.58	-0.423538
0.59	-0.467141
0.6	-0.508478
0.61	-0.547576
0.62	-0.584482
0.63	-0.619259
0.64	-0.651981
0.65	-0.682733
0.66	-0.711602
0.67	-0.738681
0.68	-0.764064
0.69	-0.787844
0.7	-0.81011
0.71	-0.830953
0.72	-0.850456
0.73	-0.868701
0.74	-0.885765
0.75	-0.901721
0.76	-0.916637
0.77	-0.930577
0.78	-0.943601
0.79	-0.955764
0.8	-0.967118
0.81	-0.977711
0.82	-0.987586
0.83	-0.996785
0.84	-1.00535
0.85	-1.0133
0.86	-1.02068
0.87	-1.02752
0.88	-1.03384
0.89	-1.03967
0.9	-1.04503
0.91	-1.04994
0.92	-1.05441
0.93	-1.05846
0.94	-1.06211
0.95	-1.06537
0.96	-1.06824
0.97	-1.07075
0.98	-1.07289
0.99	-1.07467
1	-1.0761
1.01	-1.07718
1.02	-1.07792
1.03	-1.0783
1.04	-1.07834
1.05	-1.07802
1.06	-1.07735
1.07	-1.07632
1.08	-1.07492
1.09	-1.07314
1.1	-1.07098
1.11	-1.06842
1.12	-1.06544
1.13	-1.06202
1.14	-1.05816
1.15	-1.05382
1.16	-1.04899
1.17	-1.04362
1.18	-1.0377
1.19	-1.03119
1.2	-1.02405
1.21	-1.01623
1.22	-1.00768
1.23	-0.998358
1.24	-0.988194
1.25	-0.977123
1.26	-0.965069
1.27	-0.951949
1.28	-0.93767
1.29	-0.922128
1.3	-0.905208
1.31	-0.886783
1.32	-0.866713
1.33	-0.844842
1.34	-0.820998
1.35	-0.794996
1.36	-0.766632
1.37	-0.735687
1.38	-0.701926
1.39	-0.665102
1.4	-0.624961
1.41	-0.581243
1.42	-0.533696
1.43	-0.482087
1.44	-0.426216
1.45	-0.365935
1.46	-0.301174
1.47	-0.231964
1.48	-0.158464
1.49	-0.0809829
1.5	-1.94996e-08
1.51	0.0838325
1.52	0.169698
1.53	0.256642
1.54	0.343619
1.55	0.429548
1.56	0.513379
1.57	0.594159
1.58	0.671076
1.59	0.743502
1.6	0.811004
1.61	0.873339
1.62	0.930441
1.63	0.982387
1.64	1.02937
1.65	1.07166
1.66	1.10958
1.67	1.14348
1.68	1.17372
1.69	1.20066
1.7	1.22462
1.71	1.24594
1.72	1.26489
1.73	1.28174
1.74	1.29673
1.75	1.31008
1.76	1.32196
1.77	1.33255
1.78	1.342
1.79	1.35043
1.8	1.35797
1.81	1.3647
1.82	1.37073
1.83	1.37612
1.84	1.38095
1.85	1.38527
1.86	1.38914
1.87	1.3926
1.88	1.3957
1.89	1.39846
1.9	1.40093
1.91	1.40312
1.92	1.40506
1.93	1.40677
1.94	1.40827
1.95	1.40958
1.96	1.4107
1.97	1.41166
1.98	1.41245
1.99	1.41309
2	1.41358
2.01	1.41393
2.02	1.41414
2.03	1.41421
2.04	1.41415
2.05	1.41395
2.06	1.4136
2.07	1.41311
2.08	1.41248
2.09	1.41168
2.1	1.41071
2.11	1.40957
2.12	1.40824
2.13	1.40669
2.14	1.40492
2.15	1.4029
2.16	1.4006
2.17	1.398
2.18	1.39505
2.19	1.39171
2.2	1.38795
2.21	1.38369
2.22	1.37887
2.23	1.37342
2.24	1.36724
2.25	1.36023
2.26	1.35225
2.27	1.34317
2.28	1.3328
2.29	1.32094
2.3	1.30735
2.31	1.29173
2.32	1.27376
2.33	1.25303
2.34	1.22909
2.35	1.2014
2.36	1.16935
2.37	1.13227
2.38	1.08939
2.39	1.03993
2.4	0.983083
2.41	0.91811
2.42	0.844418
2.43	0.761675
2.44	0.669938
2.45	0.569773
2.46	0.462325
2.47	0.349317
2.48	0.232945
2.49	0.115676
2.5	1.18011e-07
2.51	-0.111828
2.52	-0.217977
2.53	-0.31714
2.54	-0.408545
2.55	-0.491891
2.56	-0.567256
2.57	-0.63498
2.58	-0.695574
2.59	-0.749638
2.6	-0.797799
2.61	-0.840679
2.62	-0.878861
2.63	-0.912887
2.64	-0.943241
2.65	-0.970356
2.66	-0.994616
2.67	-1.01635
2.68	-1.03586
2.69	-1.0534
2.7	-1.06918
2.71	-1.0834
2.72	-1.09624
2.73	-1.10782
2.74	-1.11828
2.75	-1.12773
2.76	-1.13627
2.77	-1.14398
2.78	-1.15094
2.79	-1.1572
2.8	-1.16282
2.81	-1.16786
2.82	-1.17236
2.83	-1.17635
2.84	-1.17986
2.85	-1.18293
2.86	-1.18559
2.87	-1.18784
2.88	-1.18971
2.89	-1.19122
2.9	-1.19238
2.91	-1.1932
2.92	-1.19369
2.93	-1.19385
2.94	-1.19369
2.95	-1.19322
2.96	-1.19243
2.97	-1.19132
2.98	-1.1899
2.99	-1.18815
3	-1.18608
3.01	-1.18367
3.02	-1.18093
3.03	-1.17782
3.04	-1.17436
3.05	-1.17052
3.06	-1.16628
3.07	-1.16164
3.08	-1.15656
3.09	-1.15103
3.1	-1.14503
3.11	-1.13852
3.12	-1.13149
3.13	-1.12389
3.14	-1.1157
3.15	-1.10687
3.16	-1.09737
3.17	-1.08716
3.18	-1.07618
3.19	-1.06438
3.2	-1.05171
3.21	-1.03812
3.22	-1.02353
3.23	-1.00789
3.24	-0.991128
3.25	-0.973166
3.26	-0.953931
3.27	-0.933345
3.28	-0.911328
3.29	-0.8878
3.3	-0.86268
3.31	-0.835889
3.32	-0.807353
3.33	-0.777003
3.34	-0.744779
3.35	-0.710631
3.36	-0.674523
3.37	-0.636437
3.38	-0.596376
3.39	-0.554366
3.4	-0.510461
3.41	-0.464742
3.42	-0.417323
3.43	-0.36835
3.44	-0.317997
3.45	-0.266472
3.46	-0.214005
3.47	-0.160851
3.48	-0.107278
3.49	-0.0535675
3.5	-1.44478e-07
3.51	0.0531462
3.52	0.105606
3.53	0.15713
3.54	0.207493
3.55	0.256497
3.56	0.30397
3.57	0.349775
3.58	0.393803
3.59	0.435974
3.6	0.476236
3.61	0.514564
3.62	0.550953
3.63	0.585418
3.64	0.61799
3.65	0.648714
3.66	0.677643
3.67	0.70484
3.68	0.730372
3.69	0.754311
3.7	0.776728
3.71	0.797697
3.72	0.817292
3.73	0.835582
3.74	0.852638
3.75	0.868525
3.76	0.883307
3.77	0.897044
3.78	0.909793
3.79	0.921607
3.8	0.932537
3.81	0.942628
3.82	0.951923
3.83	0.960464
3.84	0.968285
3.85	0.975421
3.86	0.981904
3.87	0.98776
3.88	0.993015
3.89	0.997692
3.9	1.00181
3.91	1.00539
3.92	1.00845
3.93	1.011
3.94	1.01305
3.95	1.01462
3.96	1.0157
3.97	1.01631
3.98	1.01646
3.99	1.01613
4	1.01535
4.01	1.01409
4.02	1.01237
4.03	1.01018
4.04	1.00752
4.05	1.00436
4.06	1.00072
4.07	0.996566
4.08	0.991899
4.09	0.986702
4.1	0.980959
4.11	0.974652
4.12	0.967761
4.13	0.960266
4.14	0.952143
4.15	0.943367
4.16	0.93391
4.17	0.923745
4.18	0.912841
4.19	0.901163
4.2	0.888679
4.21	0.875352
4.22	0.861144
4.23	0.846016
4.24	0.829927
4.25	0.812836
4.26	0.794701
4.27	0.77548
4.28	0.755131
4.29	0.733614
4.3	0.710889
4.31	0.686919
4.32	0.661672
4.33	0.635118
4.34	0.607233
4.35	0.578002
4.36	0.547416
4.37	0.515474
4.38	0.482188
4.39	0.447581
4.4	0.411688
4.41	0.374559
4.42	0.336258
4.43	0.296862
4.44	0.256467
4.45	0.215179
4.46	0.17312
4.47	0.130424
4.48	0.0872364
4.49	0.0437087
4.5	2.46444e-07
4.51	-0.0437269
4.52	-0.0873102
4.53	-0.13059
4.54	-0.173411
4.55	-0.215626
4.56	-0.257099
4.57	-0.297705
4.58	-0.337332
4.59	-0.375882
4.6	-0.413273
4.61	-0.449437
4.62	-0.484321
4.63	-0.517887
4.64	-0.550108
4.65	-0.58097
4.66	-0.610471
4.67	-0.638617
4.68	-0.665424
4.69	-0.690913
4.7	-0.715112
4.71	-0.738054
4.72	-0.759775
4.73	-0.780314
4.74	-0.799712
4.75	-0.818011
4.76	-0.835252
4.77	-0.851478
4.78	-0.866732
4.79	-0.881053
4.8	-0.894481
4.81	-0.907056
4.82	-0.918813
4.83	-0.929787
4.84	-0.940013
4.85	-0.94952
4.86	-0.958339
4.87	-0.966497
4.88	-0.974019
4.89	-0.980929
4.9	-0.987249
4.91	-0.992998
4.92	-0.998195
4.93	-1.00286
4.94	-1.00699
4.95	-1.01062
4.96	-1.01375
4.97	-1.01639
4.98	-1.01855
4.99	-1.02023
5	-1.02143
5.01	-1.02217
5.02	-1.02243
5.03	-1.02223
5.04	-1.02155
5.05	-1.02039
5.06	-1.01874
5.07	-1.0166
5.08	-1.01396
5.09	-1.0108
5.1	-1.00711
5.11	-1.00287
5.12	-0.998064
5.13	-0.992672
5.14	-0.98667
5.15	-0.980032
5.16	-0.972729
5.17	-0.96473
5.18	-0.955999
5.19	-0.946501
5.2	-0.936194
5.21	-0.925035
5.22	-0.912977
5.23	-0.89997
5.24	-0.88596
5.25	-0.87089
5.26	-0.8547
5.27	-0.837327
5.28	-0.818706
5.29	-0.798768
5.3	-0.777444
5.31	-0.754663
5.32	-0.730354
5.33	-0.704449
5.34	-0.67688
5.35	-0.647586
5.36	-0.61651
5.37	-0.583605
5.38	-0.548835
5.39	-0.512179
5.4	-0.473631
5.41	-0.433206
5.42	-0.390942
5.43	-0.346901
5.44	-0.301174
5.45	-0.253878
5.46	-0.205163
5.47	-0.155203
5.48	-0.104201
5.49	-0.0523852
5.5	-5.33031e-07
5.51	0.0526924
5.52	0.105425
5.53	0.157927
5.54	0.209934
5.55	0.261192
5.56	0.311466
5.57	0.36054
5.58	0.408226
5.59	0.454366
5.6	0.498829
5.61	0.541515
5.62	0.582351
5.63	0.621293
5.64	0.65832
5.65	0.693434
5.66	0.726656
5.67	0.75802
5.68	0.787575
5.69	0.815379
5.7	0.841499
5.71	0.866004
5.72	0.888969
5.73	0.91047
5.74	0.930582
5.75	0.94938
5.76	0.966938
5.77	0.983327
5.78	0.998615
5.79	1.01287
5.8	1.02614
5.81	1.03851
5.82	1.05
5.83	1.06069
5.84	1.07062
5.85	1.07983
5.86	1.08836
5.87	1.09624
5.88	1.10353
5.89	1.11024
5.9	1.1164
5.91	1.12205
5.92	1.1272
5.93	1.13188
5.94	1.13611
5.95	1.1399
5.96	1.14327
5.97	1.14623
5.98	1.14879
5.99	1.15097
6	1.15277
6.01	1.15419
6.02	1.15525
6.03	1.15593
6.04	1.15625
6.05	1.1562
6.06	1.15578
6.07	1.15498
6.08	1.15379
6.09	1.15221
6.1	1.15022
6.11	1.14782
6.12	1.14497
6.13	1.14168
6.14	1.1379
6.15	1.13362
6.16	1.12881
6.17	1.12344
6.18	1.11746
6.19	1.11084
6.2	1.10354
6.21	1.09549
6.22	1.08664
6.23	1.07693
6.24	1.06628
6.25	1.0546
6.26	1.04182
6.27	1.02782
6.28	1.0125
6.29	0.99573
6.3	0.977369
6.31	0.957266
6.32	0.935255
6.33	0.911152
6.34	0.88476
6.35	0.855864
6.36	0.824239
6.37	0.789649
6.38	0.75185
6.39	0.7106
6.4	0.665666
6.41	0.616836
6.42	0.563934
6.43	0.506837
6.44	0.445499
6.45	0.379966
6.46	0.310404
6.47	0.237111
6.48	0.160532
6.49	0.0812545
6.5	1.35403e-06
6.51	-0.0823978
6.52	-0.165044
6.53	-0.247016
6.54	-0.327419
6.55	-0.405436
6.56	-0.480363
6.57	-0.551635
6.58	-0.618841
6.59	-0.68172
6.6	-0.74015
6.61	-0.794131
6.62	-0.843757
6.63	-0.889199
6.64	-0.930678
6.65	-0.968448
6.66	-1.00278
6.67	-1.03395
6.68	-1.06223
6.69	-1.08788
6.7	-1.11115
6.71	-1.13226
6.72	-1.15142
6.73	-1.16884
6.74	-1.18467
6.75	-1.19909
6.76	-1.21223
6.77	-1.22422
6.78	-1.23517
6.79	-1.24518
6.8	-1.25435
6.81	-1.26276
6.82	-1.27048
6.83	-1.27757
6.84	-1.28409
6.85	-1.29009
6.86	-1.29563
6.87	-1.30073
6.88	-1.30544
6.89	-1.30979
6.9	-1.31382
6.91	-1.31754
6.92	-1.32098
6.93	-1.32416
6.94	-1.3271
6.95	-1.32983
6.96	-1.33234
6.97	-1.33467
6.98	-1.33682
6.99	-1.3388
7	-1.34062
