t 	 	 x(t) 	 	 y(t) 	 	 vx(t) 	 	 vy(t) 	 	 Ek 	 	 Ep 	 	 Etot 
1.131371e+00	3.959966e+00	3.986616e-01	-7.082863e-02	3.499971e-01	6.250000e-02	-2.500000e-01	 -1.875000e-01
2.245925e+00	3.841851e+00	7.834769e-01	-1.412938e-01	3.392929e-01	6.375734e-02	-2.512574e-01	 -1.875000e-01
3.312735e+00	3.654601e+00	1.136715e+00	-2.100122e-01	3.216464e-01	6.754182e-02	-2.550418e-01	 -1.875000e-01
4.309072e+00	3.412718e+00	1.445841e+00	-2.758408e-01	2.975315e-01	7.378077e-02	-2.612808e-01	 -1.875000e-01
5.222586e+00	3.132493e+00	1.704584e+00	-3.379812e-01	2.675491e-01	8.230660e-02	-2.698065e-01	 -1.874999e-01
6.049903e+00	2.829014e+00	1.911948e+00	-3.959438e-01	2.323032e-01	9.290691e-02	-2.804068e-01	 -1.874999e-01
6.793707e+00	2.514690e+00	2.070420e+00	-4.494487e-01	1.923360e-01	1.053682e-01	-2.928680e-01	 -1.874998e-01
7.460004e+00	2.198981e+00	2.184338e+00	-4.983275e-01	1.481129e-01	1.194986e-01	-3.069984e-01	 -1.874998e-01
8.056206e+00	1.888727e+00	2.258759e+00	-5.424551e-01	1.000343e-01	1.351339e-01	-3.226336e-01	 -1.874997e-01
8.589990e+00	1.588669e+00	2.298792e+00	-5.817099e-01	4.845766e-02	1.521322e-01	-3.396318e-01	 -1.874996e-01
9.068698e+00	1.301947e+00	2.309242e+00	-6.159554e-01	-6.280779e-03	1.703673e-01	-3.578668e-01	 -1.874996e-01
9.499060e+00	1.030528e+00	2.294465e+00	-6.450346e-01	-6.384709e-02	1.897202e-01	-3.772198e-01	 -1.874995e-01
9.887106e+00	7.755213e-01	2.258311e+00	-6.687722e-01	-1.238943e-01	2.100731e-01	-3.975725e-01	 -1.874995e-01
1.023817e+01	5.374317e-01	2.204141e+00	-6.869807e-01	-1.860506e-01	2.313030e-01	-4.188024e-01	 -1.874994e-01
1.055693e+01	3.163351e-01	2.134857e+00	-6.994699e-01	-2.499111e-01	2.532787e-01	-4.407780e-01	 -1.874994e-01
1.084749e+01	1.120132e-01	2.052952e+00	-7.060568e-01	-3.150321e-01	2.758569e-01	-4.633562e-01	 -1.874994e-01
1.111341e+01	-7.594968e-02	1.960553e+00	-7.065770e-01	-3.809282e-01	2.988807e-01	-4.863801e-01	 -1.874993e-01
1.135783e+01	-2.480955e-01	1.859472e+00	-7.008959e-01	-4.470715e-01	3.221786e-01	-5.096779e-01	 -1.874993e-01
1.158349e+01	-4.050404e-01	1.751247e+00	-6.889204e-01	-5.128946e-01	3.455640e-01	-5.330633e-01	 -1.874993e-01
1.179277e+01	-5.474367e-01	1.637177e+00	-6.706098e-01	-5.777939e-01	3.688361e-01	-5.563354e-01	 -1.874993e-01
1.198779e+01	-6.759457e-01	1.518360e+00	-6.459855e-01	-6.411372e-01	3.917817e-01	-5.792809e-01	 -1.874993e-01
1.217040e+01	-7.912172e-01	1.395719e+00	-6.151399e-01	-7.022724e-01	4.141771e-01	-6.016763e-01	 -1.874993e-01
1.234225e+01	-8.938756e-01	1.270029e+00	-5.782438e-01	-7.605382e-01	4.357918e-01	-6.232911e-01	 -1.874992e-01
1.250481e+01	-9.845097e-01	1.141937e+00	-5.355506e-01	-8.152768e-01	4.563921e-01	-6.438913e-01	 -1.874992e-01
1.265938e+01	-1.063665e+00	1.011985e+00	-4.873993e-01	-8.658474e-01	4.757453e-01	-6.632445e-01	 -1.874992e-01
1.280714e+01	-1.131842e+00	8.806244e-01	-4.342143e-01	-9.116408e-01	4.936249e-01	-6.811241e-01	 -1.874992e-01
1.294916e+01	-1.189486e+00	7.482320e-01	-3.765018e-01	-9.520936e-01	5.098155e-01	-6.973147e-01	 -1.874992e-01
1.308641e+01	-1.236994e+00	6.151215e-01	-3.148441e-01	-9.867023e-01	5.241179e-01	-7.116171e-01	 -1.874991e-01
1.321980e+01	-1.274710e+00	4.815564e-01	-2.498909e-01	-1.015036e+00	5.363541e-01	-7.238533e-01	 -1.874991e-01
1.335015e+01	-1.302920e+00	3.477596e-01	-1.823479e-01	-1.036748e+00	5.463718e-01	-7.338709e-01	 -1.874991e-01
1.347826e+01	-1.321862e+00	2.139228e-01	-1.129634e-01	-1.051582e+00	5.540481e-01	-7.415472e-01	 -1.874991e-01
1.360487e+01	-1.331718e+00	8.021499e-02	-4.251373e-02	-1.059385e+00	5.592931e-01	-7.467922e-01	 -1.874991e-01
1.373070e+01	-1.332619e+00	-5.321012e-02	2.821294e-02	-1.060101e+00	5.620518e-01	-7.495509e-01	 -1.874991e-01
1.385646e+01	-1.324645e+00	-1.862065e-01	9.843240e-02	-1.053780e+00	5.623052e-01	-7.498043e-01	 -1.874991e-01
1.398285e+01	-1.307824e+00	-3.186290e-01	1.673802e-01	-1.040568e+00	5.600703e-01	-7.475694e-01	 -1.874991e-01
1.411057e+01	-1.282137e+00	-4.503266e-01	2.343265e-01	-1.020709e+00	5.553995e-01	-7.428986e-01	 -1.874991e-01
1.424033e+01	-1.247516e+00	-5.811359e-01	2.985890e-01	-9.945297e-01	5.483782e-01	-7.358774e-01	 -1.874992e-01
1.437286e+01	-1.203847e+00	-7.108740e-01	3.595442e-01	-9.624326e-01	5.391223e-01	-7.266215e-01	 -1.874992e-01
1.450894e+01	-1.150971e+00	-8.393321e-01	4.166364e-01	-9.248851e-01	5.277743e-01	-7.152735e-01	 -1.874992e-01
1.464937e+01	-1.088686e+00	-9.662676e-01	4.693840e-01	-8.824053e-01	5.144992e-01	-7.019984e-01	 -1.874992e-01
1.479501e+01	-1.016747e+00	-1.091397e+00	5.173833e-01	-8.355494e-01	4.994803e-01	-6.869795e-01	 -1.874993e-01
1.494679e+01	-9.348723e-01	-1.214387e+00	5.603097e-01	-7.848984e-01	4.829141e-01	-6.704134e-01	 -1.874993e-01
1.510571e+01	-8.427454e-01	-1.334846e+00	5.979171e-01	-7.310456e-01	4.650062e-01	-6.525055e-01	 -1.874993e-01
1.527286e+01	-7.400173e-01	-1.452313e+00	6.300346e-01	-6.745854e-01	4.459663e-01	-6.334657e-01	 -1.874994e-01
1.544945e+01	-6.263138e-01	-1.566250e+00	6.565616e-01	-6.161019e-01	4.260045e-01	-6.135039e-01	 -1.874994e-01
1.563680e+01	-5.012412e-01	-1.676023e+00	6.774620e-01	-5.561612e-01	4.053274e-01	-5.928268e-01	 -1.874994e-01
1.583638e+01	-3.643953e-01	-1.780895e+00	6.927564e-01	-4.953029e-01	3.841350e-01	-5.716344e-01	 -1.874994e-01
1.604983e+01	-2.153725e-01	-1.880008e+00	7.025146e-01	-4.340353e-01	3.626182e-01	-5.501177e-01	 -1.874995e-01
1.627899e+01	-5.378414e-02	-1.972366e+00	7.068467e-01	-3.728307e-01	3.409567e-01	-5.284562e-01	 -1.874995e-01
1.652589e+01	1.207249e-01	-2.056814e+00	7.058946e-01	-3.121233e-01	3.193175e-01	-5.068170e-01	 -1.874995e-01
1.679284e+01	3.084522e-01	-2.132020e+00	6.998234e-01	-2.523083e-01	2.978541e-01	-4.853536e-01	 -1.874995e-01
1.708241e+01	5.096062e-01	-2.196452e+00	6.888131e-01	-1.937423e-01	2.767062e-01	-4.642057e-01	 -1.874996e-01
1.739753e+01	7.242662e-01	-2.248349e+00	6.730504e-01	-1.367448e-01	2.559998e-01	-4.434994e-01	 -1.874996e-01
1.774146e+01	9.523299e-01	-2.285699e+00	6.527212e-01	-8.160191e-02	2.358480e-01	-4.233477e-01	 -1.874997e-01
1.811789e+01	1.193445e+00	-2.306212e+00	6.280034e-01	-2.857019e-02	2.163519e-01	-4.038517e-01	 -1.874997e-01
1.853095e+01	1.446919e+00	-2.307296e+00	5.990604e-01	2.211779e-02	1.976023e-01	-3.851020e-01	 -1.874998e-01
1.898526e+01	1.711609e+00	-2.286038e+00	5.660350e-01	7.024652e-02	1.796813e-01	-3.671811e-01	 -1.874998e-01
1.948595e+01	1.985766e+00	-2.239205e+00	5.290447e-01	1.156092e-01	1.626651e-01	-3.501650e-01	 -1.874999e-01
2.003862e+01	2.266850e+00	-2.163261e+00	4.881777e-01	1.579973e-01	1.466269e-01	-3.341268e-01	 -1.874999e-01
2.064929e+01	2.551288e+00	-2.054441e+00	4.434915e-01	1.971886e-01	1.316403e-01	-3.191403e-01	 -1.875000e-01
2.132419e+01	2.834182e+00	-1.908895e+00	3.950153e-01	2.329312e-01	1.177840e-01	-3.052841e-01	 -1.875000e-01
2.206934e+01	3.108973e+00	-1.722968e+00	3.427590e-01	2.649265e-01	1.051470e-01	-2.926471e-01	 -1.875001e-01
2.288984e+01	3.367117e+00	-1.493681e+00	2.867339e-01	2.928093e-01	9.383492e-02	-2.813351e-01	 -1.875002e-01
2.378866e+01	3.597871e+00	-1.219504e+00	2.269919e-01	3.161298e-01	8.397682e-02	-2.714771e-01	 -1.875002e-01
2.476479e+01	3.788432e+00	-9.014756e-01	1.636907e-01	3.343465e-01	7.573171e-02	-2.632320e-01	 -1.875003e-01
2.581087e+01	3.924783e+00	-5.445924e-01	9.718659e-02	3.468433e-01	6.929111e-02	-2.567915e-01	 -1.875004e-01
2.691091e+01	3.993659e+00	-1.590355e-01	2.813737e-02	3.529938e-01	6.487276e-02	-2.523732e-01	 -1.875004e-01
2.803960e+01	3.985594e+00	2.396428e-01	-4.243868e-02	3.522791e-01	6.269818e-02	-2.501986e-01	 -1.875005e-01
2.916488e+01	3.898085e+00	6.323248e-01	-1.132219e-01	3.444302e-01	6.295080e-02	-2.504513e-01	 -1.875005e-01
3.025408e+01	3.736999e+00	1.000050e+00	-1.827944e-01	3.295179e-01	6.572570e-02	-2.532262e-01	 -1.875005e-01
3.128069e+01	3.515049e+00	1.327931e+00	-2.498954e-01	3.079239e-01	7.099791e-02	-2.584984e-01	 -1.875005e-01
3.222820e+01	3.248245e+00	1.607220e+00	-3.135864e-01	2.802157e-01	7.863242e-02	-2.661329e-01	 -1.875004e-01
3.308997e+01	2.952419e+00	1.835006e+00	-3.732643e-01	2.470073e-01	8.842862e-02	-2.759290e-01	 -1.875004e-01
3.386662e+01	2.641139e+00	2.012601e+00	-4.285782e-01	2.088698e-01	1.001694e-01	-2.876698e-01	 -1.875003e-01
3.456310e+01	2.325028e+00	2.143767e+00	-4.793252e-01	1.662989e-01	1.136530e-01	-3.011532e-01	 -1.875003e-01
3.518643e+01	2.011917e+00	2.233378e+00	-5.253688e-01	1.197187e-01	1.287040e-01	-3.162042e-01	 -1.875002e-01
3.574429e+01	1.707321e+00	2.286577e+00	-5.665895e-01	6.950115e-02	1.451725e-01	-3.326726e-01	 -1.875001e-01
3.624420e+01	1.414968e+00	2.308318e+00	-6.028579e-01	1.598844e-02	1.629270e-01	-3.504271e-01	 -1.875001e-01
3.669315e+01	1.137248e+00	2.303149e+00	-6.340253e-01	-4.048661e-02	1.818466e-01	-3.693467e-01	 -1.875000e-01
3.709746e+01	8.755822e-01	2.275121e+00	-6.599230e-01	-9.958383e-02	2.018136e-01	-3.893136e-01	 -1.875000e-01
3.746273e+01	6.306916e-01	2.227790e+00	-6.803677e-01	-1.609426e-01	2.227077e-01	-4.102076e-01	 -1.874999e-01
3.779389e+01	4.028054e-01	2.164235e+00	-6.951689e-01	-2.241720e-01	2.444013e-01	-4.319012e-01	 -1.874999e-01
3.809528e+01	1.918097e-01	2.087107e+00	-7.041394e-01	-2.888444e-01	2.667564e-01	-4.542563e-01	 -1.874998e-01
3.837067e+01	-2.641965e-03	1.998674e+00	-7.071061e-01	-3.544912e-01	2.896217e-01	-4.771215e-01	 -1.874998e-01
3.862335e+01	-1.810481e-01	1.900869e+00	-7.039210e-01	-4.206017e-01	3.128315e-01	-5.003313e-01	 -1.874998e-01
3.885621e+01	-3.440005e-01	1.795335e+00	-6.944732e-01	-4.866235e-01	3.362053e-01	-5.237050e-01	 -1.874998e-01
3.907178e+01	-4.921408e-01	1.683463e+00	-6.786995e-01	-5.519671e-01	3.595477e-01	-5.470475e-01	 -1.874998e-01
3.927227e+01	-6.261294e-01	1.566426e+00	-6.565955e-01	-6.160107e-01	3.826504e-01	-5.701501e-01	 -1.874997e-01
3.945964e+01	-7.466228e-01	1.445215e+00	-6.282242e-01	-6.781090e-01	4.052934e-01	-5.927932e-01	 -1.874997e-01
3.963561e+01	-8.542569e-01	1.320661e+00	-5.937243e-01	-7.376029e-01	4.272488e-01	-6.147485e-01	 -1.874997e-01
3.980172e+01	-9.496359e-01	1.193460e+00	-5.533156e-01	-7.938316e-01	4.482833e-01	-6.357830e-01	 -1.874997e-01
3.995934e+01	-1.033323e+00	1.064193e+00	-5.073030e-01	-8.461459e-01	4.681634e-01	-6.556631e-01	 -1.874997e-01
4.010969e+01	-1.105838e+00	9.333480e-01	-4.560766e-01	-8.939221e-01	4.866596e-01	-6.741592e-01	 -1.874997e-01
4.025389e+01	-1.167647e+00	8.013280e-01	-4.001105e-01	-9.365769e-01	5.035513e-01	-6.910510e-01	 -1.874996e-01
4.039294e+01	-1.219168e+00	6.684709e-01	-3.399575e-01	-9.735810e-01	5.186323e-01	-7.061319e-01	 -1.874996e-01
4.052777e+01	-1.260766e+00	5.350592e-01	-2.762415e-01	-1.004473e+00	5.317155e-01	-7.192151e-01	 -1.874996e-01
4.065924e+01	-1.292750e+00	4.013308e-01	-2.096474e-01	-1.028871e+00	5.426378e-01	-7.301374e-01	 -1.874996e-01
4.078815e+01	-1.315377e+00	2.674890e-01	-1.409079e-01	-1.046483e+00	5.512641e-01	-7.387637e-01	 -1.874996e-01
4.091527e+01	-1.328851e+00	1.337107e-01	-7.079026e-02	-1.057113e+00	5.574910e-01	-7.449906e-01	 -1.874996e-01
4.104133e+01	-1.333324e+00	1.548854e-04	-7.964899e-05	-1.060665e+00	5.612494e-01	-7.487490e-01	 -1.874996e-01
4.116703e+01	-1.328896e+00	-1.330301e-01	7.043614e-02	-1.057149e+00	5.625056e-01	-7.500052e-01	 -1.874996e-01
4.129309e+01	-1.315615e+00	-2.656996e-01	1.399829e-01	-1.046672e+00	5.612625e-01	-7.487621e-01	 -1.874996e-01
4.142019e+01	-1.293483e+00	-3.977057e-01	2.078154e-01	-1.029439e+00	5.575583e-01	-7.450579e-01	 -1.874996e-01
4.154905e+01	-1.262449e+00	-5.288909e-01	2.732306e-01	-1.005745e+00	5.514657e-01	-7.389654e-01	 -1.874996e-01
4.168038e+01	-1.222419e+00	-6.590808e-01	3.355804e-01	-9.759635e-01	5.430887e-01	-7.305883e-01	 -1.874997e-01
4.181494e+01	-1.173250e+00	-7.880779e-01	3.942811e-01	-9.405381e-01	5.325595e-01	-7.200592e-01	 -1.874997e-01
4.195353e+01	-1.114758e+00	-9.156539e-01	4.488208e-01	-8.999677e-01	5.200348e-01	-7.075345e-01	 -1.874997e-01
4.209698e+01	-1.046715e+00	-1.041543e+00	4.987642e-01	-8.547947e-01	5.056909e-01	-6.931907e-01	 -1.874997e-01
4.224618e+01	-9.688540e-01	-1.165432e+00	5.437551e-01	-8.055919e-01	4.897199e-01	-6.772196e-01	 -1.874998e-01
4.240211e+01	-8.808714e-01	-1.286955e+00	5.835164e-01	-7.529492e-01	4.723240e-01	-6.598238e-01	 -1.874998e-01
4.256583e+01	-7.824307e-01	-1.405679e+00	6.178473e-01	-6.974617e-01	4.537119e-01	-6.412118e-01	 -1.874998e-01
4.273849e+01	-6.731672e-01	-1.521099e+00	6.466199e-01	-6.397188e-01	4.340940e-01	-6.215939e-01	 -1.874999e-01
4.292136e+01	-5.526939e-01	-1.632620e+00	6.697731e-01	-5.802949e-01	4.136788e-01	-6.011787e-01	 -1.874999e-01
4.311586e+01	-4.206099e-01	-1.739550e+00	6.873058e-01	-5.197410e-01	3.926691e-01	-5.801690e-01	 -1.874999e-01
4.332355e+01	-2.765096e-01	-1.841079e+00	6.992689e-01	-4.585783e-01	3.712600e-01	-5.587599e-01	 -1.874999e-01
4.354619e+01	-1.199966e-01	-1.936269e+00	7.057575e-01	-3.972941e-01	3.496355e-01	-5.371355e-01	 -1.875000e-01
4.378572e+01	4.930041e-02	-2.024032e+00	7.069019e-01	-3.363380e-01	3.279682e-01	-5.154681e-01	 -1.875000e-01
4.404435e+01	2.317051e-01	-2.103110e+00	7.028588e-01	-2.761207e-01	3.064168e-01	-4.939168e-01	 -1.875000e-01
4.432454e+01	4.274660e-01	-2.172052e+00	6.938033e-01	-2.170143e-01	2.851266e-01	-4.726266e-01	 -1.875000e-01
4.462906e+01	6.367198e-01	-2.229193e+00	6.799204e-01	-1.593527e-01	2.642291e-01	-4.517292e-01	 -1.875001e-01
4.496103e+01	8.594438e-01	-2.272624e+00	6.613971e-01	-1.034350e-01	2.438425e-01	-4.313426e-01	 -1.875001e-01
4.532398e+01	1.095395e+00	-2.300171e+00	6.384154e-01	-4.952908e-02	2.240725e-01	-4.115726e-01	 -1.875002e-01
4.572185e+01	1.344030e+00	-2.309363e+00	6.111452e-01	2.123783e-03	2.050137e-01	-3.925139e-01	 -1.875002e-01
4.615906e+01	1.604402e+00	-2.297419e+00	5.797382e-01	5.130210e-02	1.867515e-01	-3.742517e-01	 -1.875003e-01
4.664053e+01	1.875024e+00	-2.261231e+00	5.443226e-01	9.779668e-02	1.693641e-01	-3.568644e-01	 -1.875003e-01
4.717169e+01	2.153699e+00	-2.197382e+00	5.049987e-01	1.414011e-01	1.529257e-01	-3.404260e-01	 -1.875004e-01
4.775840e+01	2.437300e+00	-2.102184e+00	4.618363e-01	1.819003e-01	1.375090e-01	-3.250094e-01	 -1.875004e-01
4.840684e+01	2.721497e+00	-1.971797e+00	4.148752e-01	2.190561e-01	1.231902e-01	-3.106907e-01	 -1.875005e-01
4.912317e+01	3.000438e+00	-1.802444e+00	3.641313e-01	2.525911e-01	1.100535e-01	-2.975541e-01	 -1.875006e-01
4.991299e+01	3.266409e+00	-1.590801e+00	3.096120e-01	2.821690e-01	9.819696e-02	-2.856976e-01	 -1.875006e-01
5.078031e+01	3.509558e+00	-1.334642e+00	2.513466e-01	3.073756e-01	8.773946e-02	-2.752402e-01	 -1.875007e-01
5.172595e+01	3.717852e+00	-1.033823e+00	1.894408e-01	3.277059e-01	7.882744e-02	-2.663282e-01	 -1.875008e-01
5.274542e+01	3.877596e+00	-6.915835e-01	1.241588e-01	3.425690e-01	7.163948e-02	-2.591403e-01	 -1.875008e-01
5.382639e+01	3.974908e+00	-3.159244e-01	5.602653e-02	3.513314e-01	6.638445e-02	-2.538853e-01	 -1.875009e-01
5.494718e+01	3.998393e+00	7.966251e-02	-1.408305e-02	3.534140e-01	6.328635e-02	-2.507873e-01	 -1.875009e-01
5.607787e+01	3.942449e+00	4.771254e-01	-8.495398e-02	3.484321e-01	6.254989e-02	-2.500508e-01	 -1.875010e-01
5.718518e+01	3.809607e+00	8.569280e-01	-1.551766e-01	3.363167e-01	6.431107e-02	-2.518120e-01	 -1.875010e-01
5.823941e+01	3.610196e+00	1.202168e+00	-2.233996e-01	3.173361e-01	6.859435e-02	-2.560953e-01	 -1.875010e-01
5.921989e+01	3.359373e+00	1.501556e+00	-2.885456e-01	2.920016e-01	7.530480e-02	-2.628057e-01	 -1.875009e-01
6.011625e+01	3.073382e+00	1.749995e+00	-3.498839e-01	2.609226e-01	8.426174e-02	-2.717626e-01	 -1.875009e-01
6.092656e+01	2.766846e+00	1.947331e+00	-4.069752e-01	2.246942e-01	9.524964e-02	-2.827505e-01	 -1.875008e-01
6.165436e+01	2.451582e+00	2.096536e+00	-4.595690e-01	1.838432e-01	1.080582e-01	-2.955589e-01	 -1.875008e-01
6.230606e+01	2.136490e+00	2.202164e+00	-5.075099e-01	1.388207e-01	1.225010e-01	-3.100017e-01	 -1.875007e-01
6.288921e+01	1.827950e+00	2.269326e+00	-5.506758e-01	9.001684e-02	1.384187e-01	-3.259194e-01	 -1.875006e-01
6.341144e+01	1.530344e+00	2.303088e+00	-5.889433e-01	3.778300e-02	1.556735e-01	-3.431740e-01	 -1.875006e-01
6.387999e+01	1.246549e+00	2.308176e+00	-6.221717e-01	-1.754644e-02	1.741409e-01	-3.616414e-01	 -1.875005e-01
6.430146e+01	9.783364e-01	2.288844e+00	-6.502002e-01	-7.563601e-02	1.937028e-01	-3.812032e-01	 -1.875005e-01
6.468172e+01	7.266797e-01	2.248844e+00	-6.728504e-01	-1.361346e-01	2.142406e-01	-4.017410e-01	 -1.875004e-01
6.502599e+01	4.919844e-01	2.191442e+00	-6.899334e-01	-1.986644e-01	2.356301e-01	-4.231305e-01	 -1.875004e-01
6.533882e+01	2.742585e-01	2.119454e+00	-7.012597e-01	-2.628132e-01	2.577378e-01	-4.452382e-01	 -1.875003e-01
6.562419e+01	7.323757e-02	2.035297e+00	-7.066491e-01	-3.281290e-01	2.804180e-01	-4.679183e-01	 -1.875003e-01
6.588559e+01	-1.115242e-01	1.941031e+00	-7.059421e-01	-3.941179e-01	3.035108e-01	-4.910111e-01	 -1.875003e-01
6.612606e+01	-2.805873e-01	1.838411e+00	-6.990116e-01	-4.602441e-01	3.268416e-01	-5.143419e-01	 -1.875003e-01
6.634827e+01	-4.345776e-01	1.728923e+00	-6.857742e-01	-5.259323e-01	3.502210e-01	-5.377212e-01	 -1.875002e-01
6.655454e+01	-5.741512e-01	1.613825e+00	-6.662005e-01	-5.905726e-01	3.734455e-01	-5.609457e-01	 -1.875002e-01
6.674695e+01	-6.999685e-01	1.494177e+00	-6.403257e-01	-6.535282e-01	3.962996e-01	-5.837998e-01	 -1.875002e-01
6.692729e+01	-8.126752e-01	1.370870e+00	-6.082572e-01	-7.141442e-01	4.185581e-01	-6.060583e-01	 -1.875002e-01
6.709717e+01	-9.128895e-01	1.244653e+00	-5.701819e-01	-7.717589e-01	4.399894e-01	-6.274896e-01	 -1.875002e-01
6.725803e+01	-1.001192e+00	1.116150e+00	-5.263703e-01	-8.257167e-01	4.603596e-01	-6.478597e-01	 -1.875002e-01
6.741116e+01	-1.078119e+00	9.858841e-01	-4.771785e-01	-8.753822e-01	4.794369e-01	-6.669371e-01	 -1.875002e-01
6.755769e+01	-1.144160e+00	8.542904e-01	-4.230476e-01	-9.201539e-01	4.969966e-01	-6.844968e-01	 -1.875001e-01
6.769868e+01	-1.199753e+00	7.217318e-01	-3.644994e-01	-9.594794e-01	5.128262e-01	-7.003263e-01	 -1.875001e-01
6.783509e+01	-1.245282e+00	5.885115e-01	-3.021305e-01	-9.928686e-01	5.267302e-01	-7.142303e-01	 -1.875001e-01
6.796781e+01	-1.281080e+00	4.548840e-01	-2.366028e-01	-1.019907e+00	5.385354e-01	-7.260355e-01	 -1.875001e-01
6.809765e+01	-1.307425e+00	3.210653e-01	-1.686315e-01	-1.040264e+00	5.480951e-01	-7.355952e-01	 -1.875001e-01
6.822540e+01	-1.324542e+00	1.872419e-01	-9.897185e-02	-1.053706e+00	5.552929e-01	-7.427930e-01	 -1.875001e-01
6.835180e+01	-1.332603e+00	5.357911e-02	-2.840370e-02	-1.060096e+00	5.600456e-01	-7.475456e-01	 -1.875001e-01
6.847756e+01	-1.331729e+00	-7.977136e-02	4.228420e-02	-1.059402e+00	5.623051e-01	-7.498052e-01	 -1.875001e-01
6.860339e+01	-1.321989e+00	-2.126642e-01	1.123104e-01	-1.051691e+00	5.620599e-01	-7.495600e-01	 -1.875001e-01
6.872999e+01	-1.303403e+00	-3.449538e-01	1.809162e-01	-1.037132e+00	5.593341e-01	-7.468342e-01	 -1.875001e-01
6.885806e+01	-1.275941e+00	-4.764870e-01	2.473802e-01	-1.015984e+00	5.541869e-01	-7.416870e-01	 -1.875001e-01
6.898831e+01	-1.239527e+00	-6.070972e-01	3.110310e-01	-9.885895e-01	5.467099e-01	-7.342100e-01	 -1.875001e-01
6.912149e+01	-1.194036e+00	-7.365968e-01	3.712581e-01	-9.553663e-01	5.370247e-01	-7.245249e-01	 -1.875001e-01
6.925836e+01	-1.139301e+00	-8.647708e-01	4.275201e-01	-9.167923e-01	5.252787e-01	-7.127788e-01	 -1.875002e-01
6.939976e+01	-1.075111e+00	-9.913693e-01	4.793506e-01	-8.733943e-01	5.116407e-01	-6.991409e-01	 -1.875002e-01
6.954655e+01	-1.001214e+00	-1.116099e+00	5.263617e-01	-8.257344e-01	4.962973e-01	-6.837975e-01	 -1.875002e-01
6.969966e+01	-9.173220e-01	-1.238617e+00	5.682447e-01	-7.743971e-01	4.794469e-01	-6.669472e-01	 -1.875003e-01
6.986013e+01	-8.231100e-01	-1.358517e+00	6.047687e-01	-7.199769e-01	4.612964e-01	-6.487967e-01	 -1.875003e-01
7.002906e+01	-7.182243e-01	-1.475325e+00	6.357772e-01	-6.630668e-01	4.420559e-01	-6.295563e-01	 -1.875003e-01
7.020769e+01	-6.022860e-01	-1.588484e+00	6.611831e-01	-6.042481e-01	4.219351e-01	-6.094354e-01	 -1.875003e-01
7.039735e+01	-4.748986e-01	-1.697341e+00	6.809622e-01	-5.440820e-01	4.011394e-01	-5.886398e-01	 -1.875004e-01
7.059956e+01	-3.356572e-01	-1.801136e+00	6.951456e-01	-4.831024e-01	3.798674e-01	-5.673678e-01	 -1.875004e-01
7.081599e+01	-1.841597e-01	-1.898985e+00	7.038118e-01	-4.218106e-01	3.583077e-01	-5.458081e-01	 -1.875004e-01
7.104851e+01	-2.002258e-02	-1.989862e+00	7.070778e-01	-3.606715e-01	3.366376e-01	-5.241381e-01	 -1.875005e-01
7.129921e+01	1.570999e-01	-2.072578e+00	7.050910e-01	-3.001116e-01	3.150215e-01	-5.025220e-01	 -1.875005e-01
7.157045e+01	3.474902e-01	-2.145764e+00	6.980201e-01	-2.405183e-01	2.936102e-01	-4.811107e-01	 -1.875005e-01
7.186488e+01	5.513347e-01	-2.207844e+00	6.860469e-01	-1.822405e-01	2.725405e-01	-4.600411e-01	 -1.875005e-01
7.218546e+01	7.686812e-01	-2.257008e+00	6.693588e-01	-1.255909e-01	2.519360e-01	-4.394366e-01	 -1.875006e-01
7.253556e+01	9.993832e-01	-2.291192e+00	6.481405e-01	-7.084926e-02	2.319071e-01	-4.194078e-01	 -1.875006e-01
7.291895e+01	1.243029e+00	-2.308047e+00	6.225674e-01	-1.826691e-02	2.125528e-01	-4.000535e-01	 -1.875007e-01
7.333984e+01	1.498846e+00	-2.304918e+00	5.927995e-01	3.192758e-02	1.939619e-01	-3.814627e-01	 -1.875007e-01
7.380297e+01	1.765583e+00	-2.278828e+00	5.589747e-01	7.952116e-02	1.762153e-01	-3.637161e-01	 -1.875008e-01
7.431355e+01	2.041351e+00	-2.226481e+00	5.212051e-01	1.243076e-01	1.593882e-01	-3.468890e-01	 -1.875008e-01
7.487729e+01	2.323425e+00	-2.144288e+00	4.795727e-01	1.660767e-01	1.435536e-01	-3.310545e-01	 -1.875009e-01
7.550027e+01	2.607992e+00	-2.028451e+00	4.341291e-01	2.046015e-01	1.287857e-01	-3.162867e-01	 -1.875009e-01
7.618870e+01	2.889850e+00	-1.875132e+00	3.848985e-01	2.396225e-01	1.151649e-01	-3.026659e-01	 -1.875010e-01
7.694850e+01	3.162070e+00	-1.680764e+00	3.318890e-01	2.708293e-01	1.027829e-01	-2.902840e-01	 -1.875011e-01
7.778447e+01	3.415679e+00	-1.442586e+00	2.751162e-01	2.978411e-01	9.174943e-02	-2.792506e-01	 -1.875012e-01
7.869894e+01	3.639497e+00	-1.159478e+00	2.146469e-01	3.201899e-01	8.219913e-02	-2.697003e-01	 -1.875012e-01
7.968984e+01	3.820378e+00	-8.331545e-01	1.506702e-01	3.373166e-01	7.429743e-02	-2.617987e-01	 -1.875013e-01
8.074825e+01	3.944261e+00	-4.695645e-01	8.359482e-02	3.485964e-01	6.824200e-02	-2.557433e-01	 -1.875013e-01
8.185630e+01	3.998368e+00	-7.999787e-02	1.414830e-02	3.534132e-01	6.425377e-02	-2.517552e-01	 -1.875014e-01
8.298698e+01	3.974399e+00	3.190653e-01	-5.658135e-02	3.512871e-01	6.255054e-02	-2.500520e-01	 -1.875014e-01
8.410756e+01	3.871493e+00	7.082018e-01	-1.272350e-01	3.420128e-01	6.330202e-02	-2.508035e-01	 -1.875014e-01
8.518610e+01	3.697095e+00	1.068986e+00	-1.964065e-01	3.257293e-01	6.658073e-02	-2.540822e-01	 -1.875014e-01
8.619791e+01	3.464886e+00	1.387673e+00	-2.628913e-01	3.028673e-01	7.233755e-02	-2.598390e-01	 -1.875014e-01
8.712858e+01	3.191085e+00	1.656761e+00	-3.258207e-01	2.740136e-01	8.042022e-02	-2.679216e-01	 -1.875014e-01
8.797314e+01	2.891187e+00	1.874332e+00	-3.846505e-01	2.397788e-01	9.062130e-02	-2.781226e-01	 -1.875013e-01
8.873331e+01	2.578191e+00	2.042316e+00	-4.390669e-01	2.007199e-01	1.027249e-01	-2.902262e-01	 -1.875013e-01
8.941460e+01	2.262135e+00	2.164788e+00	-4.888858e-01	1.573174e-01	1.165341e-01	-3.040353e-01	 -1.875012e-01
9.002427e+01	1.950347e+00	2.246728e+00	-5.339774e-01	1.099832e-01	1.318791e-01	-3.193802e-01	 -1.875011e-01
9.056998e+01	1.647944e+00	2.293269e+00	-5.742215e-01	5.908161e-02	1.486141e-01	-3.361152e-01	 -1.875011e-01
9.105919e+01	1.358355e+00	2.309296e+00	-6.094852e-01	4.951377e-03	1.666105e-01	-3.541115e-01	 -1.875010e-01
9.149876e+01	1.083749e+00	2.299260e+00	-6.396157e-01	-5.207441e-02	1.857484e-01	-3.732493e-01	 -1.875010e-01
9.189485e+01	8.253898e-01	2.267115e+00	-6.644410e-01	-1.116524e-01	2.059100e-01	-3.934109e-01	 -1.875009e-01
9.225295e+01	5.838853e-01	2.216316e+00	-6.837755e-01	-1.734167e-01	2.269741e-01	-4.144749e-01	 -1.875009e-01
9.257785e+01	3.593858e-01	2.149856e+00	-6.974286e-01	-2.369694e-01	2.488111e-01	-4.363119e-01	 -1.875008e-01
9.287377e+01	1.517234e-01	2.070303e+00	-7.052149e-01	-3.018750e-01	2.712805e-01	-4.587813e-01	 -1.875008e-01
9.314437e+01	-3.948437e-02	1.979857e+00	-7.069656e-01	-3.676566e-01	2.942283e-01	-4.817291e-01	 -1.875008e-01
9.339288e+01	-2.147588e-01	1.880388e+00	-7.025390e-01	-4.337948e-01	3.174858e-01	-5.049866e-01	 -1.875007e-01
9.362210e+01	-3.747045e-01	1.773487e+00	-6.918329e-01	-4.997298e-01	3.408695e-01	-5.283702e-01	 -1.875007e-01
9.383450e+01	-5.199692e-01	1.660497e+00	-6.747951e-01	-5.648647e-01	3.641813e-01	-5.516820e-01	 -1.875007e-01
9.403222e+01	-6.512140e-01	1.542554e+00	-6.514338e-01	-6.285726e-01	3.872103e-01	-5.747110e-01	 -1.875007e-01
9.421719e+01	-7.690925e-01	1.420615e+00	-6.218267e-01	-6.902045e-01	4.097348e-01	-5.972355e-01	 -1.875007e-01
9.439107e+01	-8.742351e-01	1.295481e+00	-5.861281e-01	-7.490999e-01	4.315253e-01	-6.190260e-01	 -1.875007e-01
9.455539e+01	-9.672383e-01	1.167825e+00	-5.445747e-01	-8.045993e-01	4.523484e-01	-6.398491e-01	 -1.875007e-01
9.471146e+01	-1.048657e+00	1.038208e+00	-4.974883e-01	-8.560574e-01	4.719708e-01	-6.594715e-01	 -1.875006e-01
9.486050e+01	-1.119000e+00	9.070987e-01	-4.452761e-01	-9.028575e-01	4.901645e-01	-6.776651e-01	 -1.875006e-01
9.500359e+01	-1.178726e+00	7.748871e-01	-3.884284e-01	-9.444257e-01	5.067112e-01	-6.942118e-01	 -1.875006e-01
9.514173e+01	-1.228241e+00	6.418988e-01	-3.275128e-01	-9.802454e-01	5.214082e-01	-7.089088e-01	 -1.875006e-01
9.527582e+01	-1.267897e+00	5.084066e-01	-2.631663e-01	-1.009870e+00	5.340729e-01	-7.215734e-01	 -1.875006e-01
9.540672e+01	-1.297996e+00	3.746409e-01	-1.960843e-01	-1.032936e+00	5.445473e-01	-7.320478e-01	 -1.875006e-01
9.553521e+01	-1.318783e+00	2.407988e-01	-1.270079e-01	-1.049168e+00	5.527025e-01	-7.402031e-01	 -1.875005e-01
9.566206e+01	-1.330451e+00	1.070532e-01	-5.670874e-02	-1.058390e+00	5.584418e-01	-7.459423e-01	 -1.875005e-01
9.578799e+01	-1.333142e+00	-2.643958e-02	1.402588e-02	-1.060529e+00	5.617028e-01	-7.492034e-01	 -1.875005e-01
9.591371e+01	-1.326946e+00	-1.595326e-01	8.440972e-02	-1.055613e+00	5.624594e-01	-7.499600e-01	 -1.875005e-01
9.603992e+01	-1.311902e+00	-2.920811e-01	1.536732e-01	-1.043769e+00	5.607215e-01	-7.482220e-01	 -1.875006e-01
9.616731e+01	-1.287999e+00	-4.239358e-01	2.210782e-01	-1.025221e+00	5.565343e-01	-7.440349e-01	 -1.875006e-01
9.629660e+01	-1.255181e+00	-5.549362e-01	2.859321e-01	-1.000281e+00	5.499770e-01	-7.374776e-01	 -1.875006e-01
9.642852e+01	-1.213340e+00	-6.849040e-01	3.475988e-01	-9.693366e-01	5.411595e-01	-7.286601e-01	 -1.875006e-01
9.656382e+01	-1.162329e+00	-8.136361e-01	4.055083e-01	-9.328436e-01	5.302192e-01	-7.177198e-01	 -1.875006e-01
9.670330e+01	-1.101951e+00	-9.408973e-01	4.591638e-01	-8.913107e-01	5.173171e-01	-7.048178e-01	 -1.875007e-01
9.684782e+01	-1.031973e+00	-1.066413e+00	5.081456e-01	-8.452875e-01	5.026331e-01	-6.901338e-01	 -1.875007e-01
9.699829e+01	-9.521192e-01	-1.189861e+00	5.521134e-01	-7.953511e-01	4.863615e-01	-6.738622e-01	 -1.875007e-01
9.715568e+01	-8.620792e-01	-1.310861e+00	5.908055e-01	-7.420934e-01	4.687063e-01	-6.562071e-01	 -1.875008e-01
9.732109e+01	-7.615105e-01	-1.428968e+00	6.240360e-01	-6.861092e-01	4.498768e-01	-6.373776e-01	 -1.875008e-01
9.749567e+01	-6.500435e-01	-1.543660e+00	6.516909e-01	-6.279857e-01	4.300834e-01	-6.175842e-01	 -1.875008e-01
9.768075e+01	-5.272877e-01	-1.654323e+00	6.737215e-01	-5.682931e-01	4.095335e-01	-5.970344e-01	 -1.875008e-01
9.787774e+01	-3.928404e-01	-1.760243e+00	6.901379e-01	-5.075769e-01	3.884289e-01	-5.759297e-01	 -1.875009e-01
9.808827e+01	-2.462968e-01	-1.860587e+00	7.010004e-01	-4.463521e-01	3.669623e-01	-5.544632e-01	 -1.875009e-01
9.831410e+01	-8.726379e-02	-1.954387e+00	7.064119e-01	-3.850984e-01	3.453159e-01	-5.328168e-01	 -1.875009e-01
9.855726e+01	8.462211e-02	-2.040523e+00	7.065085e-01	-3.242579e-01	3.236593e-01	-5.111602e-01	 -1.875009e-01
9.881998e+01	2.696722e-01	-2.117700e+00	7.014513e-01	-2.642336e-01	3.021487e-01	-4.896497e-01	 -1.875010e-01
9.910478e+01	4.681159e-01	-2.184428e+00	6.914181e-01	-2.053896e-01	2.809267e-01	-4.684277e-01	 -1.875010e-01
9.941451e+01	6.800621e-01	-2.238995e+00	6.765948e-01	-1.480528e-01	2.601219e-01	-4.476230e-01	 -1.875010e-01
9.975237e+01	9.054500e-01	-2.279440e+00	6.571680e-01	-9.251574e-02	2.398501e-01	-4.273511e-01	 -1.875011e-01
1.001219e+02	1.143983e+00	-2.303533e+00	6.333178e-01	-3.904044e-02	2.202145e-01	-4.077156e-01	 -1.875011e-01
1.005273e+02	1.395048e+00	-2.308742e+00	6.052111e-01	1.213620e-02	2.013078e-01	-3.888090e-01	 -1.875012e-01
1.009729e+02	1.657600e+00	-2.292221e+00	5.729952e-01	6.079586e-02	1.832139e-01	-3.707151e-01	 -1.875012e-01
1.014638e+02	1.930027e+00	-2.250800e+00	5.367930e-01	1.067307e-01	1.660098e-01	-3.535111e-01	 -1.875013e-01
1.020056e+02	2.209966e+00	-2.181001e+00	4.966989e-01	1.497336e-01	1.497691e-01	-3.372704e-01	 -1.875013e-01
1.026041e+02	2.494073e+00	-2.079095e+00	4.527765e-01	1.895861e-01	1.345650e-01	-3.220664e-01	 -1.875014e-01
1.032656e+02	2.777742e+00	-1.941233e+00	4.050602e-01	2.260436e-01	1.204747e-01	-3.079762e-01	 -1.875015e-01
1.039961e+02	3.054775e+00	-1.763689e+00	3.535626e-01	2.588185e-01	1.075847e-01	-2.950863e-01	 -1.875015e-01
1.048012e+02	3.317051e+00	-1.543298e+00	2.982923e-01	2.875605e-01	9.599677e-02	-2.834984e-01	 -1.875016e-01
1.056842e+02	3.554274e+00	-1.278160e+00	2.392887e-01	3.118379e-01	8.583466e-02	-2.733363e-01	 -1.875017e-01
1.066451e+02	3.754014e+00	-9.686915e-01	1.766816e-01	3.311273e-01	7.725099e-02	-2.647527e-01	 -1.875017e-01
1.076781e+02	3.902382e+00	-6.189797e-01	1.107790e-01	3.448244e-01	7.043085e-02	-2.579326e-01	 -1.875018e-01
1.087690e+02	3.985746e+00	-2.380998e-01	4.217084e-02	3.522968e-01	6.558792e-02	-2.530898e-01	 -1.875018e-01
1.098944e+02	3.993601e+00	1.594036e-01	-2.819702e-02	3.529926e-01	6.294571e-02	-2.504476e-01	 -1.875019e-01
1.110230e+02	3.921849e+00	5.548769e-01	-9.905335e-02	3.465823e-01	6.269941e-02	-2.502013e-01	 -1.875019e-01
1.121219e+02	3.774702e+00	9.289850e-01	-1.689788e-01	3.330667e-01	6.496544e-02	-2.524674e-01	 -1.875019e-01
1.131627e+02	3.563745e+00	1.265778e+00	-2.366634e-01	3.127729e-01	6.974362e-02	-2.572455e-01	 -1.875019e-01
1.141269e+02	3.304636e+00	1.555229e+00	-3.010980e-01	2.862432e-01	7.691823e-02	-2.644201e-01	 -1.875019e-01
1.150061e+02	3.013463e+00	1.793364e+00	-3.616171e-01	2.540914e-01	8.629758e-02	-2.737994e-01	 -1.875018e-01
1.157995e+02	2.704341e+00	1.980794e+00	-4.178275e-01	2.169015e-01	9.766466e-02	-2.851664e-01	 -1.875018e-01
1.165116e+02	2.388489e+00	2.120916e+00	-4.695042e-01	1.751847e-01	1.108130e-01	-2.983147e-01	 -1.875017e-01
1.171490e+02	2.074267e+00	2.218461e+00	-5.165024e-01	1.293783e-01	1.255619e-01	-3.130636e-01	 -1.875016e-01
1.177194e+02	1.767612e+00	2.278566e+00	-5.587018e-01	7.986303e-02	1.417567e-01	-3.292583e-01	 -1.875016e-01
1.182303e+02	1.472572e+00	2.306246e+00	-5.959763e-01	2.698520e-02	1.592629e-01	-3.467644e-01	 -1.875015e-01
1.186890e+02	1.191773e+00	2.306140e+00	-6.281813e-01	-2.892194e-02	1.779580e-01	-3.654594e-01	 -1.875015e-01
1.191018e+02	9.268056e-01	2.282402e+00	-6.551520e-01	-8.752083e-02	1.977241e-01	-3.852255e-01	 -1.875014e-01
1.194745e+02	6.785143e-01	2.238686e+00	-6.767071e-01	-1.484558e-01	2.184420e-01	-4.059433e-01	 -1.875014e-01
1.198121e+02	4.472131e-01	2.178164e+00	-6.926572e-01	-2.113428e-01	2.399858e-01	-4.274872e-01	 -1.875013e-01
1.201192e+02	2.328472e-01	2.103568e+00	-7.028134e-01	-2.757618e-01	2.622199e-01	-4.497211e-01	 -1.875013e-01
1.203995e+02	3.510926e-02	2.017241e+00	-7.069988e-01	-3.412528e-01	2.849956e-01	-4.724969e-01	 -1.875013e-01
1.206565e+02	-1.464739e-01	1.921178e+00	-7.050596e-01	-4.073133e-01	3.081504e-01	-4.956516e-01	 -1.875012e-01
1.208931e+02	-3.124791e-01	1.817077e+00	-6.968764e-01	-4.733994e-01	3.315066e-01	-5.190078e-01	 -1.875012e-01
1.211120e+02	-4.635410e-01	1.706377e+00	-6.823757e-01	-5.389284e-01	3.548719e-01	-5.423730e-01	 -1.875012e-01
1.213153e+02	-6.003183e-01	1.590293e+00	-6.615404e-01	-6.032844e-01	3.780402e-01	-5.655414e-01	 -1.875012e-01
1.215052e+02	-7.234696e-01	1.469849e+00	-6.344193e-01	-6.658263e-01	4.007939e-01	-5.882951e-01	 -1.875012e-01
1.216833e+02	-8.336363e-01	1.345906e+00	-6.011353e-01	-7.258966e-01	4.229062e-01	-6.104074e-01	 -1.875012e-01
1.218513e+02	-9.314294e-01	1.219187e+00	-5.618916e-01	-7.828340e-01	4.441447e-01	-6.316459e-01	 -1.875011e-01
1.220105e+02	-1.017421e+00	1.090294e+00	-5.169758e-01	-8.359858e-01	4.642757e-01	-6.517768e-01	 -1.875011e-01
1.221623e+02	-1.092140e+00	9.597311e-01	-4.667611e-01	-8.847221e-01	4.830682e-01	-6.705693e-01	 -1.875011e-01
1.223076e+02	-1.156064e+00	8.279184e-01	-4.117049e-01	-9.284501e-01	5.002996e-01	-6.878006e-01	 -1.875011e-01
1.224476e+02	-1.209620e+00	6.952057e-01	-3.523448e-01	-9.666287e-01	5.157603e-01	-7.032613e-01	 -1.875011e-01
1.225832e+02	-1.253183e+00	5.618857e-01	-2.892911e-01	-9.987820e-01	5.292590e-01	-7.167600e-01	 -1.875010e-01
1.227153e+02	-1.287075e+00	4.282043e-01	-2.232173e-01	-1.024511e+00	5.406274e-01	-7.281284e-01	 -1.875010e-01
1.228447e+02	-1.311563e+00	2.943711e-01	-1.548479e-01	-1.043505e+00	5.497245e-01	-7.372256e-01	 -1.875010e-01
1.229721e+02	-1.326861e+00	1.605677e-01	-8.494410e-02	-1.055548e+00	5.564404e-01	-7.439414e-01	 -1.875010e-01
1.230983e+02	-1.333132e+00	2.695605e-02	-1.428892e-02	-1.060525e+00	5.606988e-01	-7.481998e-01	 -1.875010e-01
1.232240e+02	-1.330486e+00	-1.063140e-01	5.632909e-02	-1.058423e+00	5.624588e-01	-7.499598e-01	 -1.875010e-01
1.233499e+02	-1.318982e+00	-2.390976e-01	1.261318e-01	-1.049330e+00	5.617160e-01	-7.492170e-01	 -1.875010e-01
1.234768e+02	-1.298629e+00	-3.712481e-01	1.943668e-01	-1.033433e+00	5.585016e-01	-7.460027e-01	 -1.875010e-01
1.236052e+02	-1.269390e+00	-5.026103e-01	2.603218e-01	-1.011009e+00	5.528816e-01	-7.403826e-01	 -1.875011e-01
1.237360e+02	-1.231176e+00	-6.330139e-01	3.233366e-01	-9.824173e-01	5.449538e-01	-7.324549e-01	 -1.875011e-01
1.238698e+02	-1.183857e+00	-7.622665e-01	3.828141e-01	-9.480870e-01	5.348452e-01	-7.223463e-01	 -1.875011e-01
1.240075e+02	-1.127254e+00	-8.901466e-01	4.382272e-01	-9.085075e-01	5.227078e-01	-7.102089e-01	 -1.875011e-01
1.241499e+02	-1.061150e+00	-1.016396e+00	4.891252e-01	-8.642136e-01	5.087144e-01	-6.962156e-01	 -1.875012e-01
1.242979e+02	-9.852846e-01	-1.140713e+00	5.351359e-01	-8.157730e-01	4.930543e-01	-6.805555e-01	 -1.875012e-01
1.244524e+02	-8.993616e-01	-1.262742e+00	5.759663e-01	-7.637732e-01	4.759280e-01	-6.634292e-01	 -1.875012e-01
1.246145e+02	-8.030506e-01	-1.382065e+00	6.114007e-01	-7.088091e-01	4.575433e-01	-6.450446e-01	 -1.875012e-01
1.247852e+02	-6.959921e-01	-1.498192e+00	6.412968e-01	-6.514723e-01	4.381106e-01	-6.256118e-01	 -1.875013e-01
1.249659e+02	-5.778033e-01	-1.610547e+00	6.655807e-01	-5.923407e-01	4.178389e-01	-6.053402e-01	 -1.875013e-01
1.251580e+02	-4.480850e-01	-1.718458e+00	6.842398e-01	-5.319705e-01	3.969326e-01	-5.844339e-01	 -1.875013e-01
1.253629e+02	-3.064320e-01	-1.821141e+00	6.973153e-01	-4.708895e-01	3.755883e-01	-5.630897e-01	 -1.875014e-01
1.255824e+02	-1.524446e-01	-1.917685e+00	7.048941e-01	-4.095921e-01	3.539928e-01	-5.414942e-01	 -1.875014e-01
1.258183e+02	1.425500e-02	-2.007034e+00	7.071000e-01	-3.485355e-01	3.323207e-01	-5.198221e-01	 -1.875014e-01
1.260729e+02	1.940021e-01	-2.087964e+00	7.040852e-01	-2.881385e-01	3.107337e-01	-4.982351e-01	 -1.875014e-01
1.263486e+02	3.870630e-01	-2.159067e+00	6.960217e-01	-2.287807e-01	2.893799e-01	-4.768813e-01	 -1.875015e-01
1.266480e+02	5.936001e-01	-2.218722e+00	6.830932e-01	-1.708035e-01	2.683934e-01	-4.558949e-01	 -1.875015e-01
1.269741e+02	8.136273e-01	-2.265072e+00	6.654870e-01	-1.145129e-01	2.478951e-01	-4.353967e-01	 -1.875015e-01
1.273306e+02	1.046952e+00	-2.295997e+00	6.433865e-01	-6.018255e-02	2.279931e-01	-4.154947e-01	 -1.875016e-01
1.277211e+02	1.293097e+00	-2.309088e+00	6.169646e-01	-8.058648e-03	2.087841e-01	-3.962857e-01	 -1.875016e-01
1.281500e+02	1.551208e+00	-2.301628e+00	5.863773e-01	4.163391e-02	1.903551e-01	-3.778568e-01	 -1.875017e-01
1.286221e+02	1.819918e+00	-2.270575e+00	5.517577e-01	8.868416e-02	1.727858e-01	-3.602876e-01	 -1.875017e-01
1.291428e+02	2.097190e+00	-2.212571e+00	5.132120e-01	1.328860e-01	1.561507e-01	-3.436525e-01	 -1.875018e-01
1.297179e+02	2.380103e+00	-2.123976e+00	4.708163e-01	1.740271e-01	1.405226e-01	-3.280245e-01	 -1.875019e-01
1.303534e+02	2.664593e+00	-2.000969e+00	4.246161e-01	2.118753e-01	1.259767e-01	-3.134786e-01	 -1.875019e-01
1.310556e+02	2.945141e+00	-1.839734e+00	3.746314e-01	2.461624e-01	1.125950e-01	-3.000970e-01	 -1.875020e-01
1.318303e+02	3.214434e+00	-1.636814e+00	3.208692e-01	2.765656e-01	1.004723e-01	-2.879744e-01	 -1.875020e-01
1.326818e+02	3.463063e+00	-1.389697e+00	2.633512e-01	3.026877e-01	8.972279e-02	-2.772249e-01	 -1.875021e-01
1.336119e+02	3.679418e+00	-1.097722e+00	2.021618e-01	3.240424e-01	8.048684e-02	-2.679890e-01	 -1.875022e-01
1.346172e+02	3.850053e+00	-7.633355e-01	1.375256e-01	3.400542e-01	7.293644e-02	-2.604387e-01	 -1.875022e-01
1.356872e+02	3.960950e+00	-3.934876e-01	6.990758e-02	3.500920e-01	6.727505e-02	-2.547774e-01	 -1.875023e-01
1.368022e+02	3.999949e+00	-5.737177e-04	1.073021e-04	3.535556e-01	6.372575e-02	-2.512281e-01	 -1.875024e-01
1.379335e+02	3.960038e+00	3.980886e-01	-7.072116e-02	3.500096e-01	6.250079e-02	-2.500032e-01	 -1.875024e-01
1.390481e+02	3.842038e+00	7.829345e-01	-1.411884e-01	3.393156e-01	6.375410e-02	-2.512565e-01	 -1.875024e-01
1.401150e+02	3.654884e+00	1.136227e+00	-2.099107e-01	3.216786e-01	6.753460e-02	-2.550370e-01	 -1.875024e-01
1.411114e+02	3.413074e+00	1.445423e+00	-2.757447e-01	2.975724e-01	7.376980e-02	-2.612722e-01	 -1.875024e-01
1.420251e+02	3.132897e+00	1.704241e+00	-3.378913e-01	2.675977e-01	8.229224e-02	-2.697946e-01	 -1.875023e-01
1.428525e+02	2.829444e+00	1.911678e+00	-3.958607e-01	2.323586e-01	9.288954e-02	-2.803918e-01	 -1.875023e-01
1.435964e+02	2.515131e+00	2.070218e+00	-4.493726e-01	1.923974e-01	1.053481e-01	-2.928503e-01	 -1.875022e-01
1.442628e+02	2.199420e+00	2.184197e+00	-4.982585e-01	1.481796e-01	1.194762e-01	-3.069784e-01	 -1.875021e-01
1.448591e+02	1.889156e+00	2.258671e+00	-5.423933e-01	1.001059e-01	1.351094e-01	-3.226114e-01	 -1.875021e-01
1.453930e+02	1.589082e+00	2.298749e+00	-5.816554e-01	4.853365e-02	1.521058e-01	-3.396078e-01	 -1.875020e-01
1.458718e+02	1.302341e+00	2.309239e+00	-6.159084e-01	-6.200896e-03	1.703393e-01	-3.578412e-01	 -1.875020e-01
1.463022e+02	1.030899e+00	2.294494e+00	-6.449952e-01	-6.376380e-02	1.896908e-01	-3.771927e-01	 -1.875019e-01
1.466903e+02	7.758696e-01	2.258368e+00	-6.687407e-01	-1.238081e-01	2.100423e-01	-3.975442e-01	 -1.875018e-01
1.470414e+02	5.377567e-01	2.204222e+00	-6.869573e-01	-1.859620e-01	2.312713e-01	-4.187731e-01	 -1.875018e-01
1.473602e+02	3.166369e-01	2.134957e+00	-6.994549e-01	-2.498208e-01	2.532461e-01	-4.407479e-01	 -1.875018e-01
1.476508e+02	1.122924e-01	2.053068e+00	-7.060503e-01	-3.149407e-01	2.758238e-01	-4.633255e-01	 -1.875017e-01
1.479168e+02	-7.569247e-02	1.960682e+00	-7.065792e-01	-3.808363e-01	2.988473e-01	-4.863491e-01	 -1.875017e-01
1.481612e+02	-2.478593e-01	1.859613e+00	-7.009071e-01	-4.469800e-01	3.221452e-01	-5.096469e-01	 -1.875017e-01
1.483869e+02	-4.048243e-01	1.751396e+00	-6.889406e-01	-5.128043e-01	3.455309e-01	-5.330326e-01	 -1.875017e-01
1.485962e+02	-5.472397e-01	1.637334e+00	-6.706390e-01	-5.777057e-01	3.688037e-01	-5.563054e-01	 -1.875017e-01
1.487912e+02	-6.757668e-01	1.518524e+00	-6.460235e-01	-6.410520e-01	3.917502e-01	-5.792519e-01	 -1.875017e-01
1.489739e+02	-7.910555e-01	1.395888e+00	-6.151866e-01	-7.021911e-01	4.141470e-01	-6.016487e-01	 -1.875016e-01
1.491457e+02	-8.937303e-01	1.270201e+00	-5.782988e-01	-7.604618e-01	4.357635e-01	-6.232651e-01	 -1.875016e-01
1.493083e+02	-9.843799e-01	1.142113e+00	-5.356134e-01	-8.152063e-01	4.563658e-01	-6.438674e-01	 -1.875016e-01
1.494629e+02	-1.063551e+00	1.012164e+00	-4.874695e-01	-8.657836e-01	4.757215e-01	-6.632231e-01	 -1.875016e-01
1.496107e+02	-1.131741e+00	8.808060e-01	-4.342910e-01	-9.115846e-01	4.936039e-01	-6.811054e-01	 -1.875016e-01
1.497527e+02	-1.189399e+00	7.484157e-01	-3.765843e-01	-9.520457e-01	5.097976e-01	-6.972991e-01	 -1.875016e-01
1.498899e+02	-1.236920e+00	6.153071e-01	-3.149315e-01	-9.866633e-01	5.241033e-01	-7.116049e-01	 -1.875015e-01
1.500233e+02	-1.274648e+00	4.817436e-01	-2.499822e-01	-1.015006e+00	5.363431e-01	-7.238447e-01	 -1.875015e-01
1.501537e+02	-1.302872e+00	3.479483e-01	-1.824419e-01	-1.036728e+00	5.463646e-01	-7.338661e-01	 -1.875015e-01
1.502818e+02	-1.321826e+00	2.141129e-01	-1.130591e-01	-1.051573e+00	5.540448e-01	-7.415463e-01	 -1.875015e-01
1.504084e+02	-1.331694e+00	8.040623e-02	-4.260989e-02	-1.059386e+00	5.592939e-01	-7.467954e-01	 -1.875015e-01
1.505342e+02	-1.332607e+00	-5.301775e-02	2.811743e-02	-1.060112e+00	5.620566e-01	-7.495581e-01	 -1.875015e-01
1.506600e+02	-1.324645e+00	-1.860131e-01	9.833867e-02	-1.053801e+00	5.623140e-01	-7.498155e-01	 -1.875015e-01
1.507864e+02	-1.307836e+00	-3.184346e-01	1.672894e-01	-1.040599e+00	5.600830e-01	-7.475845e-01	 -1.875015e-01
1.509141e+02	-1.282161e+00	-4.501314e-01	2.342395e-01	-1.020749e+00	5.554160e-01	-7.429175e-01	 -1.875015e-01
1.510438e+02	-1.247553e+00	-5.809400e-01	2.985068e-01	-9.945780e-01	5.483984e-01	-7.358999e-01	 -1.875015e-01
1.511764e+02	-1.203898e+00	-7.106777e-01	3.594676e-01	-9.624888e-01	5.391458e-01	-7.266474e-01	 -1.875016e-01
1.513124e+02	-1.151035e+00	-8.391354e-01	4.165662e-01	-9.249485e-01	5.278009e-01	-7.153025e-01	 -1.875016e-01
1.514529e+02	-1.088763e+00	-9.660709e-01	4.693208e-01	-8.824751e-01	5.145286e-01	-7.020302e-01	 -1.875016e-01
1.515985e+02	-1.016839e+00	-1.091201e+00	5.173274e-01	-8.356246e-01	4.995121e-01	-6.870138e-01	 -1.875017e-01
1.517502e+02	-9.349797e-01	-1.214191e+00	5.602617e-01	-7.849781e-01	4.829481e-01	-6.704498e-01	 -1.875017e-01
1.519092e+02	-8.428686e-01	-1.334652e+00	5.978771e-01	-7.311291e-01	4.650419e-01	-6.525436e-01	 -1.875017e-01
1.520763e+02	-7.401573e-01	-1.452121e+00	6.300027e-01	-6.746716e-01	4.460034e-01	-6.335051e-01	 -1.875017e-01
1.522529e+02	-6.264713e-01	-1.566060e+00	6.565380e-01	-6.161902e-01	4.260426e-01	-6.135444e-01	 -1.875018e-01
1.524402e+02	-5.014170e-01	-1.675837e+00	6.774465e-01	-5.562506e-01	4.053662e-01	-5.928680e-01	 -1.875018e-01
1.526397e+02	-3.645903e-01	-1.780714e+00	6.927490e-01	-4.953928e-01	3.841743e-01	-5.716761e-01	 -1.875018e-01
1.528532e+02	-2.155877e-01	-1.879834e+00	7.025151e-01	-4.341248e-01	3.626576e-01	-5.501594e-01	 -1.875019e-01
1.530823e+02	-5.402030e-02	-1.972199e+00	7.068548e-01	-3.729193e-01	3.409959e-01	-5.284978e-01	 -1.875019e-01
1.533292e+02	1.204670e-01	-2.056657e+00	7.059100e-01	-3.122104e-01	3.193562e-01	-5.068581e-01	 -1.875019e-01
1.535961e+02	3.081716e-01	-2.131875e+00	6.998458e-01	-2.523935e-01	2.978921e-01	-4.853941e-01	 -1.875019e-01
1.538856e+02	5.093024e-01	-2.196321e+00	6.888423e-01	-1.938249e-01	2.767433e-01	-4.642453e-01	 -1.875020e-01
1.542007e+02	7.239390e-01	-2.248236e+00	6.730860e-01	-1.368246e-01	2.560359e-01	-4.435379e-01	 -1.875020e-01
1.545445e+02	9.519790e-01	-2.285607e+00	6.527630e-01	-8.167851e-02	2.358829e-01	-4.233849e-01	 -1.875020e-01
1.549209e+02	1.193070e+00	-2.306145e+00	6.280510e-01	-2.864328e-02	2.163854e-01	-4.038875e-01	 -1.875021e-01
1.553339e+02	1.446523e+00	-2.307258e+00	5.991136e-01	2.204848e-02	1.976343e-01	-3.851364e-01	 -1.875021e-01
1.557881e+02	1.711192e+00	-2.286035e+00	5.660937e-01	7.018124e-02	1.797116e-01	-3.672138e-01	 -1.875022e-01
1.562887e+02	1.985331e+00	-2.239241e+00	5.291087e-01	1.155482e-01	1.626937e-01	-3.501960e-01	 -1.875022e-01
1.568413e+02	2.266402e+00	-2.163343e+00	4.882469e-01	1.579409e-01	1.466537e-01	-3.341560e-01	 -1.875023e-01
1.574519e+02	2.550833e+00	-2.054576e+00	4.435659e-01	1.971369e-01	1.316652e-01	-3.191675e-01	 -1.875024e-01
1.581266e+02	2.833727e+00	-1.909089e+00	3.950949e-01	2.328848e-01	1.178068e-01	-3.053093e-01	 -1.875024e-01
1.588717e+02	3.108531e+00	-1.723227e+00	3.428438e-01	2.648857e-01	1.051676e-01	-2.926701e-01	 -1.875025e-01
1.596920e+02	3.366703e+00	-1.494010e+00	2.868239e-01	2.927747e-01	9.385314e-02	-2.813557e-01	 -1.875026e-01
1.605907e+02	3.597504e+00	-1.219905e+00	2.270870e-01	3.161021e-01	8.399246e-02	-2.714951e-01	 -1.875026e-01
1.615667e+02	3.788132e+00	-9.019449e-01	1.637905e-01	3.343265e-01	7.574451e-02	-2.632472e-01	 -1.875027e-01
1.626126e+02	3.924574e+00	-5.451197e-01	9.729050e-02	3.468320e-01	6.930076e-02	-2.568035e-01	 -1.875028e-01
1.637126e+02	3.993560e+00	-1.596015e-01	2.824410e-02	3.529920e-01	6.487893e-02	-2.523817e-01	 -1.875028e-01
1.648412e+02	3.985617e+00	2.390653e-01	-4.233093e-02	3.522875e-01	6.270055e-02	-2.502034e-01	 -1.875029e-01
1.659665e+02	3.898228e+00	6.317664e-01	-1.131153e-01	3.444489e-01	6.294918e-02	-2.504521e-01	 -1.875029e-01
1.670558e+02	3.737247e+00	9.995374e-01	-1.826910e-01	3.295464e-01	6.572005e-02	-2.532229e-01	 -1.875029e-01
1.680825e+02	3.515379e+00	1.327484e+00	-2.497969e-01	3.079614e-01	7.098840e-02	-2.584913e-01	 -1.875029e-01
1.690301e+02	3.248632e+00	1.606846e+00	-3.134939e-01	2.802613e-01	7.861936e-02	-2.661222e-01	 -1.875028e-01
1.698920e+02	2.952841e+00	1.834707e+00	-3.731784e-01	2.470601e-01	8.841240e-02	-2.759152e-01	 -1.875028e-01
1.706688e+02	2.641578e+00	2.012373e+00	-4.284992e-01	2.089289e-01	1.001504e-01	-2.876531e-01	 -1.875027e-01
1.713654e+02	2.325470e+00	2.143603e+00	-4.792532e-01	1.663637e-01	1.136315e-01	-3.011341e-01	 -1.875027e-01
1.719888e+02	2.012351e+00	2.233269e+00	-5.253041e-01	1.197885e-01	1.286803e-01	-3.161828e-01	 -1.875026e-01
1.725468e+02	1.707741e+00	2.286517e+00	-5.665320e-01	6.957551e-02	1.451468e-01	-3.326494e-01	 -1.875025e-01
1.730467e+02	1.415370e+00	2.308300e+00	-6.028078e-01	1.606689e-02	1.628997e-01	-3.504021e-01	 -1.875025e-01
1.734958e+02	1.137629e+00	2.303166e+00	-6.339828e-01	-4.040456e-02	1.818177e-01	-3.693201e-01	 -1.875024e-01
1.739001e+02	8.759401e-01	2.275168e+00	-6.598883e-01	-9.949865e-02	2.017834e-01	-3.892857e-01	 -1.875023e-01
1.742654e+02	6.310261e-01	2.227862e+00	-6.803410e-01	-1.608548e-01	2.226763e-01	-4.101786e-01	 -1.875023e-01
1.745967e+02	4.031166e-01	2.164327e+00	-6.951504e-01	-2.240822e-01	2.443691e-01	-4.318713e-01	 -1.875023e-01
1.748981e+02	1.920980e-01	2.087217e+00	-7.041295e-01	-2.887532e-01	2.667235e-01	-4.542257e-01	 -1.875022e-01
1.751735e+02	-2.375884e-03	1.998798e+00	-7.071048e-01	-3.543994e-01	2.895884e-01	-4.770906e-01	 -1.875022e-01
1.754262e+02	-1.808035e-01	1.901006e+00	-7.039286e-01	-4.205098e-01	3.127981e-01	-5.003003e-01	 -1.875022e-01
1.756591e+02	-3.437763e-01	1.795482e+00	-6.944897e-01	-4.865326e-01	3.361720e-01	-5.236742e-01	 -1.875022e-01
1.758747e+02	-4.919361e-01	1.683617e+00	-6.787251e-01	-5.518779e-01	3.595150e-01	-5.470171e-01	 -1.875022e-01
1.760752e+02	-6.259432e-01	1.566587e+00	-6.566300e-01	-6.159241e-01	3.826185e-01	-5.701206e-01	 -1.875021e-01
1.762626e+02	-7.464542e-01	1.445382e+00	-6.282675e-01	-6.780260e-01	4.052628e-01	-5.927649e-01	 -1.875021e-01
1.764386e+02	-8.541050e-01	1.320832e+00	-5.937761e-01	-7.375244e-01	4.272197e-01	-6.147218e-01	 -1.875021e-01
1.766047e+02	-9.494999e-01	1.193635e+00	-5.533755e-01	-7.937586e-01	4.482561e-01	-6.357582e-01	 -1.875021e-01
1.767623e+02	-1.033203e+00	1.064372e+00	-5.073703e-01	-8.460792e-01	4.681385e-01	-6.556406e-01	 -1.875021e-01
1.769127e+02	-1.105731e+00	9.335288e-01	-4.561508e-01	-8.938627e-01	4.866374e-01	-6.741394e-01	 -1.875021e-01
1.770569e+02	-1.167554e+00	8.015111e-01	-4.001909e-01	-9.365254e-01	5.035321e-01	-6.910341e-01	 -1.875020e-01
1.771959e+02	-1.219089e+00	6.686559e-01	-3.400431e-01	-9.735382e-01	5.186163e-01	-7.061183e-01	 -1.875020e-01
1.773308e+02	-1.260699e+00	5.352459e-01	-2.763314e-01	-1.004440e+00	5.317030e-01	-7.192050e-01	 -1.875020e-01
1.774622e+02	-1.292696e+00	4.015191e-01	-2.097405e-01	-1.028848e+00	5.426290e-01	-7.301310e-01	 -1.875020e-01
1.775912e+02	-1.315335e+00	2.676786e-01	-1.410032e-01	-1.046470e+00	5.512592e-01	-7.387612e-01	 -1.875020e-01
1.777183e+02	-1.328822e+00	1.339016e-01	-7.088644e-02	-1.057109e+00	5.574902e-01	-7.449921e-01	 -1.875020e-01
1.778443e+02	-1.333307e+00	3.469616e-04	-1.756373e-04	-1.060672e+00	5.612526e-01	-7.487545e-01	 -1.875020e-01
1.779700e+02	-1.328891e+00	-1.328369e-01	7.034148e-02	-1.057166e+00	5.625129e-01	-7.500148e-01	 -1.875020e-01
1.780961e+02	-1.315623e+00	-2.655054e-01	1.398907e-01	-1.046698e+00	5.612737e-01	-7.487757e-01	 -1.875020e-01
1.782232e+02	-1.293502e+00	-3.975107e-01	2.077266e-01	-1.029475e+00	5.575734e-01	-7.450754e-01	 -1.875020e-01
1.783520e+02	-1.262481e+00	-5.286952e-01	2.731463e-01	-1.005790e+00	5.514845e-01	-7.389865e-01	 -1.875020e-01
1.784834e+02	-1.222464e+00	-6.588845e-01	3.355014e-01	-9.760167e-01	5.431109e-01	-7.306129e-01	 -1.875020e-01
1.786179e+02	-1.173308e+00	-7.878812e-01	3.942082e-01	-9.405988e-01	5.325849e-01	-7.200870e-01	 -1.875021e-01
1.787565e+02	-1.114830e+00	-9.154571e-01	4.487546e-01	-9.000350e-01	5.200631e-01	-7.075652e-01	 -1.875021e-01
1.788999e+02	-1.046801e+00	-1.041346e+00	4.987053e-01	-8.548679e-01	5.057218e-01	-6.932240e-01	 -1.875021e-01
1.790491e+02	-9.689553e-01	-1.165236e+00	5.437039e-01	-8.056700e-01	4.897530e-01	-6.772552e-01	 -1.875022e-01
1.792050e+02	-8.809883e-01	-1.286760e+00	5.834731e-01	-7.530313e-01	4.723591e-01	-6.598612e-01	 -1.875022e-01
1.793687e+02	-7.825640e-01	-1.405486e+00	6.178122e-01	-6.975470e-01	4.537485e-01	-6.412507e-01	 -1.875022e-01
1.795414e+02	-6.733176e-01	-1.520908e+00	6.465930e-01	-6.398065e-01	4.341318e-01	-6.216341e-01	 -1.875022e-01
1.797242e+02	-5.528624e-01	-1.632433e+00	6.697544e-01	-5.803841e-01	4.137174e-01	-6.012197e-01	 -1.875023e-01
1.799187e+02	-4.207972e-01	-1.739367e+00	6.872951e-01	-5.198308e-01	3.927083e-01	-5.802106e-01	 -1.875023e-01
1.801264e+02	-2.767168e-01	-1.840902e+00	6.992662e-01	-4.586681e-01	3.712993e-01	-5.588016e-01	 -1.875023e-01
1.803490e+02	-1.202244e-01	-1.936099e+00	7.057626e-01	-3.973832e-01	3.496749e-01	-5.371772e-01	 -1.875023e-01
1.805885e+02	4.905106e-02	-2.023871e+00	7.069144e-01	-3.364258e-01	3.280071e-01	-5.155095e-01	 -1.875024e-01
1.808471e+02	2.314335e-01	-2.102960e+00	7.028785e-01	-2.762068e-01	3.064551e-01	-4.939575e-01	 -1.875024e-01
1.811272e+02	4.271714e-01	-2.171915e+00	6.938299e-01	-2.170980e-01	2.851642e-01	-4.726666e-01	 -1.875024e-01
1.814317e+02	6.364017e-01	-2.229072e+00	6.799535e-01	-1.594337e-01	2.642657e-01	-4.517682e-01	 -1.875025e-01
1.817636e+02	8.591021e-01	-2.272523e+00	6.614364e-01	-1.035130e-01	2.438779e-01	-4.313804e-01	 -1.875025e-01
1.821265e+02	1.095030e+00	-2.300093e+00	6.384607e-01	-4.960367e-02	2.241066e-01	-4.116091e-01	 -1.875025e-01
1.825243e+02	1.343642e+00	-2.309313e+00	6.111962e-01	2.052871e-03	2.050463e-01	-3.925489e-01	 -1.875026e-01
1.829614e+02	1.603992e+00	-2.297400e+00	5.797947e-01	5.123512e-02	1.867825e-01	-3.742852e-01	 -1.875026e-01
1.834428e+02	1.874595e+00	-2.261251e+00	5.443845e-01	9.773388e-02	1.693935e-01	-3.568962e-01	 -1.875027e-01
1.839739e+02	2.153255e+00	-2.197445e+00	5.050659e-01	1.413428e-01	1.529532e-01	-3.404560e-01	 -1.875028e-01
1.845605e+02	2.436847e+00	-2.102297e+00	4.619086e-01	1.818466e-01	1.375347e-01	-3.250375e-01	 -1.875028e-01
1.852088e+02	2.721041e+00	-1.971967e+00	4.149527e-01	2.190075e-01	1.232139e-01	-3.107168e-01	 -1.875029e-01
1.859250e+02	2.999990e+00	-1.802677e+00	3.642140e-01	2.525480e-01	1.100750e-01	-2.975780e-01	 -1.875030e-01
1.867147e+02	3.265982e+00	-1.591102e+00	3.096999e-01	2.821318e-01	9.821617e-02	-2.857192e-01	 -1.875030e-01
1.875819e+02	3.509169e+00	-1.335015e+00	2.514397e-01	3.073450e-01	8.775618e-02	-2.752593e-01	 -1.875031e-01
1.885274e+02	3.717522e+00	-1.034266e+00	1.895388e-01	3.276827e-01	7.884143e-02	-2.663446e-01	 -1.875032e-01
1.895467e+02	3.877348e+00	-6.920899e-01	1.242612e-01	3.425540e-01	7.165044e-02	-2.591537e-01	 -1.875032e-01
1.906276e+02	3.974763e+00	-3.164782e-01	5.613239e-02	3.513257e-01	6.639206e-02	-2.538953e-01	 -1.875033e-01
1.917483e+02	3.998367e+00	7.908560e-02	-1.397538e-02	3.534182e-01	6.329028e-02	-2.507936e-01	 -1.875033e-01
1.928790e+02	3.942545e+00	4.765553e-01	-8.484658e-02	3.484467e-01	6.254988e-02	-2.500532e-01	 -1.875033e-01
1.939863e+02	3.809815e+00	8.563941e-01	-1.550716e-01	3.363413e-01	6.430702e-02	-2.518104e-01	 -1.875034e-01
1.950407e+02	3.610496e+00	1.201693e+00	-2.232989e-01	3.173702e-01	6.858634e-02	-2.560897e-01	 -1.875034e-01
1.960212e+02	3.359741e+00	1.501152e+00	-2.884505e-01	2.920441e-01	7.529311e-02	-2.627964e-01	 -1.875033e-01
1.969177e+02	3.073793e+00	1.749666e+00	-3.497952e-01	2.609726e-01	8.424673e-02	-2.717500e-01	 -1.875033e-01
1.977282e+02	2.767280e+00	1.947075e+00	-4.068934e-01	2.247508e-01	9.523168e-02	-2.827349e-01	 -1.875032e-01
1.984561e+02	2.452024e+00	2.096346e+00	-4.594942e-01	1.839058e-01	1.080376e-01	-2.955407e-01	 -1.875032e-01
1.991079e+02	2.136929e+00	2.202034e+00	-5.074422e-01	1.388886e-01	1.224781e-01	-3.099812e-01	 -1.875031e-01
1.996911e+02	1.828377e+00	2.269248e+00	-5.506154e-01	9.008949e-02	1.383938e-01	-3.258968e-01	 -1.875030e-01
2.002134e+02	1.530754e+00	2.303054e+00	-5.888902e-01	3.785992e-02	1.556467e-01	-3.431497e-01	 -1.875030e-01
2.006821e+02	1.246938e+00	2.308180e+00	-6.221262e-01	-1.746571e-02	1.741125e-01	-3.616154e-01	 -1.875029e-01
2.011036e+02	9.787037e-01	2.288879e+00	-6.501623e-01	-7.555195e-02	1.936730e-01	-3.811758e-01	 -1.875028e-01
2.014839e+02	7.270239e-01	2.248906e+00	-6.728204e-01	-1.360477e-01	2.142096e-01	-4.017124e-01	 -1.875028e-01
2.018282e+02	4.923052e-01	2.191527e+00	-6.899117e-01	-1.985753e-01	2.355981e-01	-4.231009e-01	 -1.875028e-01
2.021411e+02	2.745562e-01	2.119558e+00	-7.012464e-01	-2.627224e-01	2.577051e-01	-4.452078e-01	 -1.875027e-01
2.024265e+02	7.351268e-02	2.035416e+00	-7.066443e-01	-3.280373e-01	2.803848e-01	-4.678875e-01	 -1.875027e-01
2.026879e+02	-1.112709e-01	1.941163e+00	-7.059462e-01	-3.940259e-01	3.034773e-01	-4.909800e-01	 -1.875027e-01
2.029284e+02	-2.803548e-01	1.838553e+00	-6.990247e-01	-4.601526e-01	3.268082e-01	-5.143109e-01	 -1.875027e-01
2.031507e+02	-4.343650e-01	1.729074e+00	-6.857962e-01	-5.258422e-01	3.501880e-01	-5.376906e-01	 -1.875026e-01
2.033569e+02	-5.739576e-01	1.613984e+00	-6.662315e-01	-5.904848e-01	3.734132e-01	-5.609158e-01	 -1.875026e-01
2.035494e+02	-6.997928e-01	1.494342e+00	-6.403655e-01	-6.534436e-01	3.962684e-01	-5.837710e-01	 -1.875026e-01
2.037297e+02	-8.125167e-01	1.371040e+00	-6.083056e-01	-7.140637e-01	4.185283e-01	-6.060309e-01	 -1.875026e-01
2.038996e+02	-9.127471e-01	1.244827e+00	-5.702386e-01	-7.716835e-01	4.399614e-01	-6.274639e-01	 -1.875026e-01
2.040605e+02	-1.001065e+00	1.116327e+00	-5.264348e-01	-8.256473e-01	4.603337e-01	-6.478363e-01	 -1.875026e-01
2.042136e+02	-1.078007e+00	9.860640e-01	-4.772502e-01	-8.753197e-01	4.794136e-01	-6.669161e-01	 -1.875025e-01
2.043602e+02	-1.144062e+00	8.544727e-01	-4.231257e-01	-9.200991e-01	4.969761e-01	-6.844787e-01	 -1.875025e-01
2.045012e+02	-1.199668e+00	7.219162e-01	-3.645831e-01	-9.594330e-01	5.128088e-01	-7.003113e-01	 -1.875025e-01
2.046376e+02	-1.245211e+00	5.886977e-01	-3.022189e-01	-9.928313e-01	5.267163e-01	-7.142188e-01	 -1.875025e-01
2.047703e+02	-1.281022e+00	4.550718e-01	-2.366948e-01	-1.019879e+00	5.385251e-01	-7.260276e-01	 -1.875025e-01
2.049001e+02	-1.307379e+00	3.212545e-01	-1.687261e-01	-1.040246e+00	5.480887e-01	-7.355911e-01	 -1.875025e-01
2.050279e+02	-1.324508e+00	1.874325e-01	-9.906786e-02	-1.053698e+00	5.552904e-01	-7.427929e-01	 -1.875024e-01
2.051543e+02	-1.332581e+00	5.377088e-02	-2.849998e-02	-1.060099e+00	5.600471e-01	-7.475496e-01	 -1.875024e-01
2.052800e+02	-1.331719e+00	-7.957848e-02	4.218880e-02	-1.059415e+00	5.623108e-01	-7.498132e-01	 -1.875024e-01
2.054059e+02	-1.321991e+00	-2.124704e-01	1.122170e-01	-1.051714e+00	5.620695e-01	-7.495720e-01	 -1.875025e-01
2.055325e+02	-1.303418e+00	-3.447590e-01	1.808259e-01	-1.037165e+00	5.593477e-01	-7.468501e-01	 -1.875025e-01
2.056605e+02	-1.275968e+00	-4.762914e-01	2.472939e-01	-1.016025e+00	5.542042e-01	-7.417066e-01	 -1.875025e-01
2.057908e+02	-1.239566e+00	-6.069009e-01	3.109497e-01	-9.886395e-01	5.467308e-01	-7.342333e-01	 -1.875025e-01
2.059239e+02	-1.194089e+00	-7.364001e-01	3.711826e-01	-9.554241e-01	5.370489e-01	-7.245514e-01	 -1.875025e-01
2.060608e+02	-1.139367e+00	-8.645739e-01	4.274510e-01	-9.168571e-01	5.253059e-01	-7.128084e-01	 -1.875026e-01
2.062022e+02	-1.075191e+00	-9.911724e-01	4.792886e-01	-8.734652e-01	5.116707e-01	-6.991733e-01	 -1.875026e-01
2.063490e+02	-1.001310e+00	-1.115903e+00	5.263073e-01	-8.258106e-01	4.963296e-01	-6.838322e-01	 -1.875026e-01
2.065021e+02	-9.174327e-01	-1.238421e+00	5.681981e-01	-7.744778e-01	4.794813e-01	-6.669839e-01	 -1.875026e-01
2.066625e+02	-8.232368e-01	-1.358323e+00	6.047302e-01	-7.200611e-01	4.613325e-01	-6.488352e-01	 -1.875027e-01
2.068314e+02	-7.183679e-01	-1.475133e+00	6.357469e-01	-6.631536e-01	4.420933e-01	-6.295960e-01	 -1.875027e-01
2.070100e+02	-6.024473e-01	-1.588295e+00	6.611611e-01	-6.043367e-01	4.219734e-01	-6.094762e-01	 -1.875027e-01
2.071997e+02	-4.750785e-01	-1.697156e+00	6.809483e-01	-5.441717e-01	4.011784e-01	-5.886812e-01	 -1.875028e-01
2.074019e+02	-3.358565e-01	-1.800957e+00	6.951398e-01	-4.831924e-01	3.799067e-01	-5.674095e-01	 -1.875028e-01
2.076183e+02	-1.843793e-01	-1.898812e+00	7.038137e-01	-4.219001e-01	3.583471e-01	-5.458499e-01	 -1.875028e-01
2.078508e+02	-2.026340e-02	-1.989697e+00	7.070874e-01	-3.607600e-01	3.366768e-01	-5.241796e-01	 -1.875028e-01
2.081014e+02	1.568371e-01	-2.072423e+00	7.051078e-01	-3.001985e-01	3.150602e-01	-5.025630e-01	 -1.875029e-01
2.083726e+02	3.472046e-01	-2.145622e+00	6.980439e-01	-2.406031e-01	2.936481e-01	-4.811510e-01	 -1.875029e-01
2.086670e+02	5.510259e-01	-2.207716e+00	6.860775e-01	-1.823227e-01	2.725776e-01	-4.600805e-01	 -1.875029e-01
2.089875e+02	7.683487e-01	-2.256899e+00	6.693957e-01	-1.256702e-01	2.519719e-01	-4.394749e-01	 -1.875030e-01
2.093376e+02	9.990272e-01	-2.291105e+00	6.481834e-01	-7.092530e-02	2.319418e-01	-4.194448e-01	 -1.875030e-01
2.097209e+02	1.242649e+00	-2.307985e+00	6.226162e-01	-1.833938e-02	2.125861e-01	-4.000891e-01	 -1.875031e-01
2.101417e+02	1.498445e+00	-2.304886e+00	5.928539e-01	3.185895e-02	1.939937e-01	-3.814968e-01	 -1.875031e-01
2.106048e+02	1.765162e+00	-2.278832e+00	5.590346e-01	7.945661e-02	1.762454e-01	-3.637485e-01	 -1.875032e-01
2.111153e+02	2.040913e+00	-2.226526e+00	5.212702e-01	1.242474e-01	1.594165e-01	-3.469197e-01	 -1.875032e-01
2.116789e+02	2.322975e+00	-2.144380e+00	4.796431e-01	1.660211e-01	1.435800e-01	-3.310833e-01	 -1.875033e-01
2.123018e+02	2.607536e+00	-2.028597e+00	4.342046e-01	2.045508e-01	1.288102e-01	-3.163136e-01	 -1.875033e-01
2.129901e+02	2.889397e+00	-1.875338e+00	3.849792e-01	2.395771e-01	1.151873e-01	-3.026907e-01	 -1.875034e-01
2.137497e+02	3.161632e+00	-1.681037e+00	3.319749e-01	2.707896e-01	1.028031e-01	-2.903066e-01	 -1.875035e-01
2.145856e+02	3.415273e+00	-1.442930e+00	2.752073e-01	2.978077e-01	9.176719e-02	-2.792707e-01	 -1.875035e-01
2.154999e+02	3.639141e+00	-1.159894e+00	2.147431e-01	3.201635e-01	8.221425e-02	-2.697179e-01	 -1.875036e-01
2.164907e+02	3.820094e+00	-8.336373e-01	1.507711e-01	3.372982e-01	7.430965e-02	-2.618133e-01	 -1.875037e-01
2.175490e+02	3.944072e+00	-4.701022e-01	8.369956e-02	3.485869e-01	6.825100e-02	-2.557547e-01	 -1.875037e-01
2.186569e+02	3.998293e+00	-8.056938e-02	1.425555e-02	3.534134e-01	6.425922e-02	-2.517630e-01	 -1.875038e-01
2.197876e+02	3.974446e+00	3.184883e-01	-5.647350e-02	3.512975e-01	6.255213e-02	-2.500559e-01	 -1.875038e-01
2.209082e+02	3.871658e+00	7.076497e-01	-1.271287e-01	3.420334e-01	6.329959e-02	-2.508034e-01	 -1.875038e-01
2.219868e+02	3.697361e+00	1.068485e+00	-1.963038e-01	3.257597e-01	6.657428e-02	-2.540781e-01	 -1.875038e-01
2.229987e+02	3.465230e+00	1.387239e+00	-2.627938e-01	3.029066e-01	7.232728e-02	-2.598311e-01	 -1.875038e-01
2.239295e+02	3.191482e+00	1.656402e+00	-3.257294e-01	2.740608e-01	8.040648e-02	-2.679103e-01	 -1.875038e-01
2.247742e+02	2.891615e+00	1.874047e+00	-3.845658e-01	2.398329e-01	9.060446e-02	-2.781082e-01	 -1.875037e-01
2.255345e+02	2.578632e+00	2.042101e+00	-4.389892e-01	2.007803e-01	1.027053e-01	-2.902090e-01	 -1.875037e-01
2.262159e+02	2.262577e+00	2.164635e+00	-4.888152e-01	1.573833e-01	1.165121e-01	-3.040157e-01	 -1.875036e-01
2.268256e+02	1.950780e+00	2.246630e+00	-5.339140e-01	1.100541e-01	1.318549e-01	-3.193584e-01	 -1.875035e-01
2.273714e+02	1.648362e+00	2.293218e+00	-5.741654e-01	5.915694e-02	1.485880e-01	-3.360915e-01	 -1.875035e-01
2.278607e+02	1.358753e+00	2.309285e+00	-6.094365e-01	5.030702e-03	1.665827e-01	-3.540861e-01	 -1.875034e-01
2.283003e+02	1.084126e+00	2.299284e+00	-6.395747e-01	-5.199156e-02	1.857191e-01	-3.732224e-01	 -1.875033e-01
2.286965e+02	8.257436e-01	2.267167e+00	-6.644079e-01	-1.115665e-01	2.058795e-01	-3.933828e-01	 -1.875033e-01
2.290546e+02	5.842157e-01	2.216393e+00	-6.837504e-01	-1.733283e-01	2.269425e-01	-4.144457e-01	 -1.875032e-01
2.293796e+02	3.596929e-01	2.149952e+00	-6.974118e-01	-2.368791e-01	2.487786e-01	-4.362819e-01	 -1.875032e-01
2.296755e+02	1.520077e-01	2.070417e+00	-7.052067e-01	-3.017835e-01	2.712475e-01	-4.587506e-01	 -1.875032e-01
2.299462e+02	-3.922222e-02	1.979984e+00	-7.069661e-01	-3.675645e-01	2.941949e-01	-4.816981e-01	 -1.875032e-01
2.301947e+02	-2.145179e-01	1.880527e+00	-7.025484e-01	-4.337030e-01	3.174524e-01	-5.049555e-01	 -1.875031e-01
2.304240e+02	-3.744839e-01	1.773635e+00	-6.918513e-01	-4.996389e-01	3.408363e-01	-5.283394e-01	 -1.875031e-01
2.306364e+02	-5.197679e-01	1.660653e+00	-6.748225e-01	-5.647758e-01	3.641486e-01	-5.516518e-01	 -1.875031e-01
2.308341e+02	-6.510311e-01	1.542717e+00	-6.514702e-01	-6.284866e-01	3.871786e-01	-5.746817e-01	 -1.875031e-01
2.310191e+02	-7.689271e-01	1.420783e+00	-6.218718e-01	-6.901222e-01	4.097044e-01	-5.972074e-01	 -1.875031e-01
2.311930e+02	-8.740862e-01	1.295653e+00	-5.861816e-01	-7.490223e-01	4.314965e-01	-6.189996e-01	 -1.875031e-01
2.313573e+02	-9.671052e-01	1.168001e+00	-5.446362e-01	-8.045274e-01	4.523216e-01	-6.398247e-01	 -1.875030e-01
2.315134e+02	-1.048539e+00	1.038387e+00	-4.975572e-01	-8.559920e-01	4.719464e-01	-6.594495e-01	 -1.875030e-01
2.316624e+02	-1.118897e+00	9.072803e-01	-4.453518e-01	-9.027995e-01	4.901428e-01	-6.776458e-01	 -1.875030e-01
2.318055e+02	-1.178636e+00	7.750709e-01	-3.885100e-01	-9.443759e-01	5.066926e-01	-6.941955e-01	 -1.875030e-01
2.319437e+02	-1.228164e+00	6.420845e-01	-3.275995e-01	-9.802044e-01	5.213929e-01	-7.088959e-01	 -1.875030e-01
2.320778e+02	-1.267833e+00	5.085940e-01	-2.632571e-01	-1.009839e+00	5.340611e-01	-7.215641e-01	 -1.875030e-01
2.322087e+02	-1.297944e+00	3.748297e-01	-1.961781e-01	-1.032914e+00	5.445393e-01	-7.320422e-01	 -1.875029e-01
2.323372e+02	-1.318744e+00	2.409890e-01	-1.271035e-01	-1.049156e+00	5.526984e-01	-7.402014e-01	 -1.875029e-01
2.324640e+02	-1.330424e+00	1.072447e-01	-5.680513e-02	-1.058389e+00	5.584417e-01	-7.459446e-01	 -1.875029e-01
2.325900e+02	-1.333128e+00	-2.624699e-02	1.392992e-02	-1.060538e+00	5.617068e-01	-7.492098e-01	 -1.875029e-01
2.327157e+02	-1.326944e+00	-1.593390e-01	8.431531e-02	-1.055632e+00	5.624675e-01	-7.499704e-01	 -1.875029e-01
2.328419e+02	-1.311911e+00	-2.918865e-01	1.535814e-01	-1.043797e+00	5.607335e-01	-7.482364e-01	 -1.875029e-01
2.329693e+02	-1.288021e+00	-4.237403e-01	2.209902e-01	-1.025259e+00	5.565501e-01	-7.440531e-01	 -1.875030e-01
2.330985e+02	-1.255215e+00	-5.547400e-01	2.858487e-01	-1.000328e+00	5.499965e-01	-7.374994e-01	 -1.875030e-01
2.332305e+02	-1.213388e+00	-6.847073e-01	3.475209e-01	-9.693914e-01	5.411824e-01	-7.286854e-01	 -1.875030e-01
2.333657e+02	-1.162390e+00	-8.134390e-01	4.054366e-01	-9.329058e-01	5.302452e-01	-7.177483e-01	 -1.875030e-01
2.335052e+02	-1.102026e+00	-9.407002e-01	4.590989e-01	-8.913794e-01	5.173460e-01	-7.048490e-01	 -1.875031e-01
2.336497e+02	-1.032063e+00	-1.066216e+00	5.080881e-01	-8.453618e-01	5.026645e-01	-6.901676e-01	 -1.875031e-01
2.338002e+02	-9.522238e-01	-1.189664e+00	5.520636e-01	-7.954302e-01	4.863951e-01	-6.738982e-01	 -1.875031e-01
2.339576e+02	-8.621996e-01	-1.310666e+00	5.907637e-01	-7.421763e-01	4.687417e-01	-6.562449e-01	 -1.875031e-01
2.341229e+02	-7.616474e-01	-1.428775e+00	6.240024e-01	-6.861952e-01	4.499137e-01	-6.374169e-01	 -1.875032e-01
2.342975e+02	-6.501977e-01	-1.543469e+00	6.516655e-01	-6.280738e-01	4.301214e-01	-6.176246e-01	 -1.875032e-01
2.344826e+02	-5.274602e-01	-1.654136e+00	6.737044e-01	-5.683825e-01	4.095723e-01	-5.970756e-01	 -1.875032e-01
2.346795e+02	-3.930320e-01	-1.760061e+00	6.901288e-01	-5.076670e-01	3.884682e-01	-5.759714e-01	 -1.875033e-01
2.348900e+02	-2.465083e-01	-1.860410e+00	7.009993e-01	-4.464420e-01	3.670018e-01	-5.545050e-01	 -1.875033e-01
2.351158e+02	-8.749621e-02	-1.954218e+00	7.064184e-01	-3.851875e-01	3.453552e-01	-5.328585e-01	 -1.875033e-01
2.353590e+02	8.436798e-02	-2.040363e+00	7.065224e-01	-3.243456e-01	3.236982e-01	-5.112015e-01	 -1.875033e-01
2.356216e+02	2.693956e-01	-2.117552e+00	7.014724e-01	-2.643193e-01	3.021870e-01	-4.896903e-01	 -1.875034e-01
2.359064e+02	4.678162e-01	-2.184294e+00	6.914460e-01	-2.054730e-01	2.809641e-01	-4.684675e-01	 -1.875034e-01
2.362161e+02	6.797389e-01	-2.238878e+00	6.766291e-01	-1.481334e-01	2.601583e-01	-4.476618e-01	 -1.875034e-01
2.365539e+02	9.051031e-01	-2.279344e+00	6.572086e-01	-9.259319e-02	2.398853e-01	-4.273887e-01	 -1.875035e-01
2.369234e+02	1.143613e+00	-2.303460e+00	6.333644e-01	-3.911443e-02	2.202483e-01	-4.077518e-01	 -1.875035e-01
2.373287e+02	1.394655e+00	-2.308698e+00	6.052633e-01	1.206594e-02	2.013402e-01	-3.888437e-01	 -1.875036e-01
2.377742e+02	1.657186e+00	-2.292210e+00	5.730529e-01	6.072959e-02	1.832446e-01	-3.707482e-01	 -1.875036e-01
2.382651e+02	1.929595e+00	-2.250828e+00	5.368560e-01	1.066687e-01	1.660388e-01	-3.535425e-01	 -1.875037e-01
2.388067e+02	2.209520e+00	-2.181073e+00	4.967672e-01	1.496761e-01	1.497963e-01	-3.373000e-01	 -1.875037e-01
2.394051e+02	2.493618e+00	-2.079219e+00	4.528500e-01	1.895333e-01	1.345903e-01	-3.220941e-01	 -1.875038e-01
2.400665e+02	2.777286e+00	-1.941414e+00	4.051389e-01	2.259959e-01	1.204980e-01	-3.080018e-01	 -1.875039e-01
2.407969e+02	3.054329e+00	-1.763935e+00	3.536465e-01	2.587764e-01	1.076058e-01	-2.951098e-01	 -1.875039e-01
2.416018e+02	3.316630e+00	-1.543614e+00	2.983814e-01	2.875244e-01	9.601552e-02	-2.835195e-01	 -1.875040e-01
2.424846e+02	3.553895e+00	-1.278547e+00	2.393829e-01	3.118087e-01	8.585087e-02	-2.733549e-01	 -1.875041e-01
2.434454e+02	3.753698e+00	-9.691487e-01	1.767807e-01	3.311056e-01	7.726441e-02	-2.647685e-01	 -1.875041e-01
2.444783e+02	3.902153e+00	-6.194979e-01	1.108824e-01	3.448112e-01	7.044119e-02	-2.579454e-01	 -1.875042e-01
2.455691e+02	3.985623e+00	-2.386613e-01	4.227737e-02	3.522930e-01	6.559483e-02	-2.530991e-01	 -1.875042e-01
2.466944e+02	3.993599e+00	1.588247e-01	-2.808908e-02	3.529989e-01	6.294888e-02	-2.504532e-01	 -1.875043e-01
2.478231e+02	3.921969e+00	5.543110e-01	-9.894610e-02	3.465990e-01	6.269860e-02	-2.502029e-01	 -1.875043e-01
2.489220e+02	3.774930e+00	9.284604e-01	-1.688744e-01	3.330933e-01	6.496058e-02	-2.524649e-01	 -1.875043e-01
2.499629e+02	3.564061e+00	1.265315e+00	-2.365636e-01	3.128087e-01	6.973485e-02	-2.572392e-01	 -1.875043e-01
2.509273e+02	3.305015e+00	1.554839e+00	-3.010040e-01	2.862873e-01	7.690583e-02	-2.644101e-01	 -1.875043e-01
2.518065e+02	3.013881e+00	1.793049e+00	-3.615296e-01	2.541429e-01	8.628193e-02	-2.737862e-01	 -1.875042e-01
2.526001e+02	2.704779e+00	1.980552e+00	-4.177469e-01	2.169595e-01	9.764613e-02	-2.851503e-01	 -1.875042e-01
2.533122e+02	2.388932e+00	2.120739e+00	-4.694307e-01	1.752485e-01	1.107920e-01	-2.982961e-01	 -1.875041e-01
2.539498e+02	2.074704e+00	2.218342e+00	-5.164361e-01	1.294473e-01	1.255386e-01	-3.130426e-01	 -1.875040e-01
2.545203e+02	1.768037e+00	2.278497e+00	-5.586428e-01	7.993669e-02	1.417314e-01	-3.292354e-01	 -1.875040e-01
2.550313e+02	1.472978e+00	2.306220e+00	-5.959246e-01	2.706304e-02	1.592358e-01	-3.467397e-01	 -1.875039e-01
2.554900e+02	1.192158e+00	2.306150e+00	-6.281372e-01	-2.884038e-02	1.779293e-01	-3.654331e-01	 -1.875038e-01
2.559029e+02	9.271689e-01	2.282444e+00	-6.551156e-01	-8.743604e-02	1.976941e-01	-3.851978e-01	 -1.875038e-01
2.562756e+02	6.788543e-01	2.238754e+00	-6.766788e-01	-1.483683e-01	2.184107e-01	-4.059145e-01	 -1.875037e-01
2.566133e+02	4.475298e-01	2.178253e+00	-6.926370e-01	-2.112531e-01	2.399537e-01	-4.274574e-01	 -1.875037e-01
2.569204e+02	2.331407e-01	2.103675e+00	-7.028017e-01	-2.756706e-01	2.621870e-01	-4.496906e-01	 -1.875037e-01
2.572008e+02	3.538038e-02	2.017363e+00	-7.069958e-01	-3.411608e-01	2.849623e-01	-4.724659e-01	 -1.875036e-01
2.574578e+02	-1.462244e-01	1.921312e+00	-7.050654e-01	-4.072212e-01	3.081169e-01	-4.956205e-01	 -1.875036e-01
2.576945e+02	-3.122504e-01	1.817222e+00	-6.968912e-01	-4.733080e-01	3.314732e-01	-5.189768e-01	 -1.875036e-01
2.579133e+02	-4.633320e-01	1.706530e+00	-6.823996e-01	-5.388385e-01	3.548389e-01	-5.423425e-01	 -1.875036e-01
2.581167e+02	-6.001280e-01	1.590453e+00	-6.615732e-01	-6.031970e-01	3.780080e-01	-5.655116e-01	 -1.875036e-01
2.583066e+02	-7.232972e-01	1.470015e+00	-6.344609e-01	-6.657423e-01	4.007629e-01	-5.882665e-01	 -1.875036e-01
2.584847e+02	-8.334808e-01	1.346077e+00	-6.011855e-01	-7.258169e-01	4.228767e-01	-6.103802e-01	 -1.875035e-01
2.586527e+02	-9.312900e-01	1.219361e+00	-5.619500e-01	-7.827596e-01	4.441171e-01	-6.316206e-01	 -1.875035e-01
2.588120e+02	-1.017297e+00	1.090472e+00	-5.170419e-01	-8.359177e-01	4.642502e-01	-6.517537e-01	 -1.875035e-01
2.589637e+02	-1.092030e+00	9.599119e-01	-4.668342e-01	-8.846610e-01	4.830453e-01	-6.705488e-01	 -1.875035e-01
2.591090e+02	-1.155968e+00	8.281015e-01	-4.117843e-01	-9.283969e-01	5.002796e-01	-6.877831e-01	 -1.875035e-01
2.592490e+02	-1.209538e+00	6.953909e-01	-3.524296e-01	-9.665841e-01	5.157435e-01	-7.032470e-01	 -1.875035e-01
2.593847e+02	-1.253114e+00	5.620726e-01	-2.893804e-01	-9.987465e-01	5.292457e-01	-7.167492e-01	 -1.875034e-01
2.595167e+02	-1.287019e+00	4.283928e-01	-2.233101e-01	-1.024485e+00	5.406178e-01	-7.281213e-01	 -1.875034e-01
2.596461e+02	-1.311519e+00	2.945610e-01	-1.549430e-01	-1.043489e+00	5.497189e-01	-7.372223e-01	 -1.875034e-01
2.597735e+02	-1.326830e+00	1.607588e-01	-8.504041e-02	-1.055543e+00	5.564387e-01	-7.439421e-01	 -1.875034e-01
2.598997e+02	-1.333113e+00	2.714834e-02	-1.438528e-02	-1.060530e+00	5.607011e-01	-7.482045e-01	 -1.875034e-01
2.600254e+02	-1.330479e+00	-1.061206e-01	5.623384e-02	-1.058438e+00	5.624652e-01	-7.499686e-01	 -1.875034e-01
2.601514e+02	-1.318987e+00	-2.389032e-01	1.260388e-01	-1.049355e+00	5.617264e-01	-7.492298e-01	 -1.875034e-01
2.602782e+02	-1.298646e+00	-3.710529e-01	1.942771e-01	-1.033468e+00	5.585159e-01	-7.460194e-01	 -1.875034e-01
2.604066e+02	-1.269419e+00	-5.024143e-01	2.602363e-01	-1.011053e+00	5.528996e-01	-7.404031e-01	 -1.875034e-01
2.605374e+02	-1.231219e+00	-6.328173e-01	3.232563e-01	-9.824690e-01	5.449754e-01	-7.324788e-01	 -1.875035e-01
2.606712e+02	-1.183912e+00	-7.620694e-01	3.827397e-01	-9.481463e-01	5.348700e-01	-7.223735e-01	 -1.875035e-01
2.608089e+02	-1.127324e+00	-8.899493e-01	4.381595e-01	-9.085737e-01	5.227356e-01	-7.102391e-01	 -1.875035e-01
2.609513e+02	-1.061234e+00	-1.016199e+00	4.890646e-01	-8.642858e-01	5.087449e-01	-6.962484e-01	 -1.875035e-01
2.610993e+02	-9.853831e-01	-1.140517e+00	5.350830e-01	-8.158503e-01	4.930871e-01	-6.805907e-01	 -1.875036e-01
2.612538e+02	-8.994756e-01	-1.262547e+00	5.759213e-01	-7.638548e-01	4.759628e-01	-6.634664e-01	 -1.875036e-01
2.614158e+02	-8.031808e-01	-1.381871e+00	6.113637e-01	-7.088941e-01	4.575797e-01	-6.450833e-01	 -1.875036e-01
2.615866e+02	-6.961394e-01	-1.498000e+00	6.412681e-01	-6.515597e-01	4.381482e-01	-6.256519e-01	 -1.875037e-01
2.617673e+02	-5.779685e-01	-1.610358e+00	6.655603e-01	-5.924297e-01	4.178774e-01	-6.053811e-01	 -1.875037e-01
2.619593e+02	-4.482690e-01	-1.718274e+00	6.842275e-01	-5.320604e-01	3.969717e-01	-5.844754e-01	 -1.875037e-01
2.621641e+02	-3.066356e-01	-1.820962e+00	6.973110e-01	-4.709796e-01	3.756278e-01	-5.631315e-01	 -1.875037e-01
2.623836e+02	-1.526687e-01	-1.917514e+00	7.048976e-01	-4.096816e-01	3.540322e-01	-5.415360e-01	 -1.875038e-01
2.626195e+02	1.400947e-02	-2.006871e+00	7.071110e-01	-3.486239e-01	3.323598e-01	-5.198636e-01	 -1.875038e-01
2.628741e+02	1.937344e-01	-2.087812e+00	7.041034e-01	-2.882252e-01	3.107723e-01	-4.982761e-01	 -1.875038e-01
2.631497e+02	3.867724e-01	-2.158928e+00	6.960469e-01	-2.288651e-01	2.894177e-01	-4.769215e-01	 -1.875039e-01
2.634490e+02	5.932861e-01	-2.218598e+00	6.831251e-01	-1.708853e-01	2.684303e-01	-4.559342e-01	 -1.875039e-01
2.637752e+02	8.132896e-01	-2.264967e+00	6.655252e-01	-1.145917e-01	2.479308e-01	-4.354348e-01	 -1.875039e-01
2.641315e+02	1.046590e+00	-2.295914e+00	6.434307e-01	-6.025803e-02	2.280275e-01	-4.155315e-01	 -1.875040e-01
2.645220e+02	1.292713e+00	-2.309032e+00	6.170146e-01	-8.130489e-03	2.088171e-01	-3.963211e-01	 -1.875040e-01
2.649508e+02	1.550802e+00	-2.301603e+00	5.864328e-01	4.156596e-02	1.903866e-01	-3.778906e-01	 -1.875041e-01
2.654229e+02	1.819493e+00	-2.270586e+00	5.518186e-01	8.862036e-02	1.728156e-01	-3.603197e-01	 -1.875041e-01
2.659435e+02	2.096748e+00	-2.212624e+00	5.132783e-01	1.328266e-01	1.561787e-01	-3.436829e-01	 -1.875042e-01
2.665184e+02	2.379650e+00	-2.124079e+00	4.708877e-01	1.739723e-01	1.405487e-01	-3.280530e-01	 -1.875042e-01
2.671539e+02	2.664135e+00	-2.001127e+00	4.246928e-01	2.118255e-01	1.260008e-01	-3.135051e-01	 -1.875043e-01
2.678559e+02	2.944689e+00	-1.839954e+00	3.747132e-01	2.461180e-01	1.126170e-01	-3.001214e-01	 -1.875044e-01
2.686305e+02	3.214000e+00	-1.637102e+00	3.209563e-01	2.765270e-01	1.004920e-01	-2.879965e-01	 -1.875044e-01
2.694818e+02	3.462665e+00	-1.390055e+00	2.634434e-01	3.026556e-01	8.974006e-02	-2.772446e-01	 -1.875045e-01
2.704117e+02	3.679074e+00	-1.098152e+00	2.022591e-01	3.240176e-01	8.050143e-02	-2.680060e-01	 -1.875046e-01
2.714169e+02	3.849787e+00	-7.638313e-01	1.376274e-01	3.400374e-01	7.294805e-02	-2.604527e-01	 -1.875046e-01
2.724869e+02	3.960782e+00	-3.940349e-01	7.001310e-02	3.500844e-01	6.728338e-02	-2.547881e-01	 -1.875047e-01
2.736017e+02	3.999898e+00	-1.149614e-03	2.149932e-04	3.535578e-01	6.373045e-02	-2.512352e-01	 -1.875047e-01
2.747331e+02	3.960109e+00	3.975134e-01	-7.061329e-02	3.500221e-01	6.250159e-02	-2.500064e-01	 -1.875048e-01
